Name	Speaker	Age	SessionNum	Session	Style	Num	Sex	N	Area2	Area1	i.dist	u.dist	a.dist	VTL	Duration	Intensity	Formant
F20N1FR1	N	20	1	F	R	1	F	153	90.9	49.2	107.6	75.2	104.9	-1.00	63	64.2	SL
F20N1FR21	N	20	1	F	R	21	F	52	102.2	54.5	108.0	82.4	114.3	-1.00	25	64.4	SL
F20N1FR210	N	20	1	F	R	210	F	79	93.8	52.4	107.2	77.7	107.0	-1.00	27	64.4	SL
F20N1FR211	N	20	1	F	R	211	F	109	85.9	47.8	109.6	70.3	100.4	-1.00	34	65.4	SL
F20N1FR22	N	20	1	F	R	22	F	49	86.6	45.7	95.9	81.1	102.9	-1.00	22	64.6	SL
F20N1FR23	N	20	1	F	R	23	F	65	106.5	55.2	108.3	92.7	109.0	-1.00	24	63.9	SL
F20N1FR24	N	20	1	F	R	24	F	50	96.1	51.7	120.3	71.0	106.0	-1.00	21	64.1	SL
F20N1FR25	N	20	1	F	R	25	F	34	134.8	72.7	128.4	101.1	119.7	-1.00	20	62.0	SL
F20N1FR26	N	20	1	F	R	26	F	41	94.4	51.8	117.6	69.0	108.2	-1.00	21	63.9	SL
F20N1FR27	N	20	1	F	R	27	F	51	76.0	43.1	107.5	59.5	98.1	-1.00	26	62.2	SL
F20N1FR28	N	20	1	F	R	28	F	55	92.0	48.6	88.6	90.8	109.0	-1.00	23	64.6	SL
F20N1FR29	N	20	1	F	R	29	F	54	111.6	59.6	117.8	79.7	122.1	-1.00	26	63.5	SL
F20N1FS1	N	20	1	F	S	1	F	87	93.2	48.8	110.0	80.5	100.3	-1.00	30	62.2	SL
F20N1FS10	N	20	1	F	S	10	F	82	85.7	45.3	103.7	66.4	110.6	-1.00	31	63.8	SL
F20N1FS11	N	20	1	F	S	11	F	91	84.6	45.4	111.5	70.1	96.7	-1.00	35	63.4	SL
F20N1FS12	N	20	1	F	S	12	F	89	96.5	51.5	114.6	79.5	102.3	-1.00	33	64.9	SL
F20N1FS2	N	20	1	F	S	2	F	72	102.7	54.1	113.4	82.1	110.0	-1.00	29	62.1	SL
F20N1FS3	N	20	1	F	S	3	F	74	90.7	50.9	107.9	72.5	107.6	-1.00	31	63.4	SL
F20N1FS4	N	20	1	F	S	4	F	60	100.0	52.7	123.8	87.4	90.8	-1.00	30	62.5	SL
F20N1FS5	N	20	1	F	S	5	F	92	84.8	45.0	112.6	62.5	105.1	-1.00	30	64.0	SL
F20N1FS6	N	20	1	F	S	6	F	81	88.8	47.1	118.1	63.9	104.9	-1.00	32	62.5	SL
F20N1FS7	N	20	1	F	S	7	F	72	94.0	50.7	101.8	79.3	111.1	-1.00	29	63.2	SL
F20N1FS8	N	20	1	F	S	8	F	76	86.2	45.0	112.5	67.3	101.7	-1.00	31	62.7	SL
F20N1FS9	N	20	1	F	S	9	F	92	91.2	48.5	103.6	78.5	105.6	-1.00	35	63.7	SL
F20N1FT1	N	20	1	F	T	1	F	118	90.9	49.1	103.7	78.4	105.0	-1.00	42	65.2	SL
F20N1FT10	N	20	1	F	T	10	F	170	104.8	56.1	114.6	87.7	105.8	-1.00	60	63.8	SL
F20N1FT11	N	20	1	F	T	11	F	72	92.4	49.5	105.7	69.3	116.6	-1.00	27	64.5	SL
F20N1FT2	N	20	1	F	T	2	F	141	86.9	46.4	115.7	67.2	100.1	-1.00	48	64.7	SL
F20N1FT3	N	20	1	F	T	3	F	34	90.0	47.2	113.1	68.3	106.2	-1.00	14	66.1	SL
F20N1FT4	N	20	1	F	T	4	F	115	87.4	46.4	112.6	70.9	99.5	-1.00	44	64.1	SL
F20N1FT5	N	20	1	F	T	5	F	30	126.8	69.5	115.4	112.5	110.0	-1.00	11	65.4	SL
F20N1FT6	N	20	1	F	T	6	F	122	105.2	54.1	114.1	88.6	105.8	-1.00	46	65.0	SL
F20N1FT7	N	20	1	F	T	7	F	61	111.9	60.2	119.8	90.8	107.8	-1.00	23	63.7	SL
F20N1FT8	N	20	1	F	T	8	F	47	105.3	55.5	111.2	84.4	113.5	-1.00	18	64.8	SL
F20N1FT9	N	20	1	F	T	9	F	52	83.1	43.8	99.9	71.5	103.9	-1.00	19	63.3	SL
F20N1FW1	N	20	1	F	W	1	F	16	90.4	53.8	115.7	63.2	110.7	-1.00	20	58.0	SL
F20N1FW2	N	20	1	F	W	2	F	19	91.4	50.8	96.8	83.2	107.7	-1.00	20	59.6	SL
F20N1FW3	N	20	1	F	W	3	F	20	91.5	49.9	115.9	78.0	95.1	-1.00	20	59.8	SL
F20N1FW4	N	20	1	F	W	4	F	22	86.0	47.7	121.0	52.3	112.3	-1.00	20	59.4	SL
F20N1FW5	N	20	1	F	W	5	F	19	120.3	65.7	127.2	84.8	119.3	-1.00	23	60.6	SL
F20N1FW6	N	20	1	F	W	6	F	19	105.3	58.9	105.4	97.7	104.9	-1.00	20	60.0	SL
F20N1FW7	N	20	1	F	W	7	F	23	97.9	53.6	93.6	85.5	119.4	-1.00	22	60.6	SL
F20N1FW8	N	20	1	F	W	8	F	22	104.1	52.7	109.7	85.0	112.6	-1.00	21	60.8	SL
F20N1FW9	N	20	1	F	W	9	F	22	96.5	51.5	121.0	72.7	104.1	-1.00	22	60.2	SL
F20N1FY1	N	20	1	F	Y	1	F	8	94.8	52.6	100.2	73.6	121.2	-1.00	20	58.6	SL
F20N1FY2	N	20	1	F	Y	2	F	12	86.4	49.5	94.2	63.5	126.6	-1.00	20	60.3	SL
F20N1FY3	N	20	1	F	Y	3	F	13	72.5	43.3	106.1	48.0	108.1	-1.00	21	59.3	SL
F20N1FY4	N	20	1	F	Y	4	F	14	118.8	58.5	101.9	103.3	122.4	-1.00	20	62.1	SL
F20N1FY5	N	20	1	F	Y	5	F	16	102.1	57.0	115.7	77.0	112.7	-1.00	21	59.9	SL
F20N1FY6	N	20	1	F	Y	6	F	13	97.4	56.2	116.0	93.3	87.9	-1.00	20	60.7	SL
F20N1FY7	N	20	1	F	Y	7	F	14	105.5	58.6	105.5	81.5	123.3	-1.00	20	60.7	SL
F20N1FY8	N	20	1	F	Y	8	F	15	118.6	67.2	125.9	75.9	129.0	-1.00	20	60.3	SL
F20N1FY9	N	20	1	F	Y	9	F	18	102.0	55.1	117.4	66.4	124.1	-1.00	22	60.5	SL
F20N1VI1	N	20	1	V	I	1	F	51	93.2	48.9	100.0	84.1	106.1	-1.00	16	62.1	SL
F20N1VI10	N	20	1	V	I	10	F	69	73.2	39.3	97.9	62.5	98.7	-1.00	31	62.9	SL
F20N1VI11	N	20	1	V	I	11	F	126	84.1	46.0	97.9	68.0	112.0	-1.00	45	67.2	SL
F20N1VI12	N	20	1	V	I	12	F	109	93.7	49.8	109.2	70.9	113.2	-1.00	38	67.6	SL
F20N1VI13	N	20	1	V	I	13	F	91	78.6	40.9	99.7	60.4	109.7	-1.00	33	66.6	SL
F20N1VI14	N	20	1	V	I	14	F	30	78.8	43.2	95.6	79.9	91.2	-1.00	12	64.4	SL
F20N1VI15	N	20	1	V	I	15	F	53	78.6	42.1	100.9	60.1	108.8	-1.00	19	66.1	SL
F20N1VI16	N	20	1	V	I	16	F	88	73.9	40.0	94.6	63.4	102.3	-1.00	33	65.3	SL
F20N1VI17	N	20	1	V	I	17	F	118	70.8	37.7	101.6	51.9	104.0	-1.00	40	67.0	SL
F20N1VI18	N	20	1	V	I	18	F	82	71.5	38.5	102.1	48.3	109.8	-1.00	29	67.5	SL
F20N1VI19	N	20	1	V	I	19	F	59	75.2	40.8	100.2	53.7	111.6	-1.00	24	66.7	SL
F20N1VI2	N	20	1	V	I	2	F	88	73.3	38.7	87.1	69.0	102.3	-1.00	31	62.8	SL
F20N1VI20	N	20	1	V	I	20	F	56	85.3	45.3	98.9	83.1	95.4	-1.00	23	64.9	SL
F20N1VI21	N	20	1	V	I	21	F	128	86.3	46.7	104.2	70.1	106.6	-1.00	45	65.4	SL
F20N1VI22	N	20	1	V	I	22	F	80	83.7	44.7	105.8	67.7	103.3	-1.00	33	66.0	SL
F20N1VI23	N	20	1	V	I	23	F	37	73.9	41.5	92.4	59.9	109.4	-1.00	12	65.6	SL
F20N1VI24	N	20	1	V	I	24	F	61	114.6	61.7	100.1	98.0	124.1	-1.00	25	64.5	SL
F20N1VI25	N	20	1	V	I	25	F	90	71.6	38.4	100.9	60.8	95.0	-1.00	39	64.4	SL
F20N1VI26	N	20	1	V	I	26	F	71	77.2	42.4	113.9	56.9	97.7	-1.00	25	64.8	SL
F20N1VI3	N	20	1	V	I	3	F	82	71.2	38.7	95.8	55.7	105.8	-1.00	28	64.1	SL
F20N1VI4	N	20	1	V	I	4	F	62	66.6	36.7	90.8	51.1	108.0	-1.00	25	63.0	SL
F20N1VI5	N	20	1	V	I	5	F	61	65.2	35.3	99.4	44.2	105.6	-1.00	29	64.1	SL
F20N1VI6	N	20	1	V	I	6	F	80	71.1	37.7	101.2	60.4	94.3	-1.00	25	65.3	SL
F20N1VI7	N	20	1	V	I	7	F	33	97.7	50.1	106.2	82.2	109.4	-1.00	14	63.9	SL
F20N1VI8	N	20	1	V	I	8	F	57	101.8	53.9	109.5	92.2	101.5	-1.00	23	65.0	SL
F20N1VI9	N	20	1	V	I	9	F	60	76.2	40.9	93.7	66.2	104.3	-1.00	24	65.3	SL
F20N2VS1	N	20	2	V	S	1	F	70	96.3	51.2	115.3	74.2	107.3	-1.00	30	63.7	SL
F20N2VS10	N	20	2	V	S	10	F	101	100.7	52.9	118.6	69.4	116.8	-1.00	36	66.2	SL
F20N2VS11	N	20	2	V	S	11	F	73	106.5	57.0	125.7	79.5	107.1	-1.00	30	64.7	SL
F20N2VS12	N	20	2	V	S	12	F	85	97.9	51.6	124.7	70.4	105.5	-1.00	34	64.3	SL
F20N2VS13	N	20	2	V	S	13	F	85	91.9	49.1	125.0	57.1	112.1	-1.00	34	65.2	SL
F20N2VS14	N	20	2	V	S	14	F	84	92.7	50.1	124.6	61.3	108.6	-1.00	33	65.3	SL
F20N2VS15	N	20	2	V	S	15	F	84	90.6	50.2	129.3	52.0	112.8	-1.00	31	65.8	SL
F20N2VS16	N	20	2	V	S	16	F	88	93.1	50.1	122.3	64.2	107.6	-1.00	33	65.1	SL
F20N2VS17	N	20	2	V	S	17	F	95	100.9	53.4	122.7	72.3	109.8	-1.00	34	65.1	SL
F20N2VS18	N	20	2	V	S	18	F	69	88.1	47.7	119.3	54.2	115.1	-1.00	32	64.5	SL
F20N2VS19	N	20	2	V	S	19	F	113	85.1	44.8	118.5	60.2	102.9	-1.00	37	65.5	SL
F20N2VS2	N	20	2	V	S	2	F	82	106.7	54.7	118.7	79.1	114.3	-1.00	31	65.2	SL
F20N2VS20	N	20	2	V	S	20	F	87	101.4	54.6	131.8	62.9	113.6	-1.00	35	64.6	SL
F20N2VS3	N	20	2	V	S	3	F	65	82.4	43.1	126.8	46.7	108.5	-1.00	30	63.7	SL
F20N2VS4	N	20	2	V	S	4	F	84	99.8	51.6	124.2	70.5	108.8	-1.00	29	65.0	SL
F20N2VS5	N	20	2	V	S	5	F	82	101.9	53.4	126.0	73.3	107.0	-1.00	36	65.5	SL
F20N2VS6	N	20	2	V	S	6	F	92	106.1	56.9	124.1	73.5	114.9	-1.00	34	65.4	SL
F20N2VS7	N	20	2	V	S	7	F	86	95.8	51.9	124.9	74.4	97.6	-1.00	32	65.6	SL
F20N2VS8	N	20	2	V	S	8	F	71	114.9	65.0	125.7	85.9	111.9	-1.00	31	64.2	SL
F20N2VS9	N	20	2	V	S	9	F	80	111.0	58.4	130.6	87.0	100.9	-1.00	32	65.4	SL
F20N2VT1	N	20	2	V	T	1	F	41	139.3	72.4	123.8	96.5	135.5	-1.00	15	66.5	SL
F20N2VT10	N	20	2	V	T	10	F	57	101.6	56.1	120.9	73.2	111.4	-1.00	20	64.6	SL
F20N2VT11	N	20	2	V	T	11	F	105	94.7	50.7	128.9	51.0	121.4	-1.00	35	65.9	SL
F20N2VT12	N	20	2	V	T	12	F	98	110.9	60.5	129.7	73.4	116.9	-1.00	31	66.1	SL
F20N2VT13	N	20	2	V	T	13	F	79	102.2	53.4	125.2	61.3	123.1	-1.00	26	66.2	SL
F20N2VT14	N	20	2	V	T	14	F	30	103.2	57.1	103.4	107.3	94.3	-1.00	12	64.6	SL
F20N2VT15	N	20	2	V	T	15	F	43	96.6	52.7	119.4	69.8	109.1	-1.00	16	64.6	SL
F20N2VT16	N	20	2	V	T	16	F	78	108.0	56.2	117.5	84.8	110.8	-1.00	24	64.4	SL
F20N2VT17	N	20	2	V	T	17	F	109	91.6	49.3	120.0	66.9	104.1	-1.00	35	65.5	SL
F20N2VT18	N	20	2	V	T	18	F	78	103.1	55.7	120.1	76.1	111.0	-1.00	25	66.5	SL
F20N2VT19	N	20	2	V	T	19	F	61	83.4	42.7	115.7	51.7	113.7	-1.00	20	66.3	SL
F20N2VT2	N	20	2	V	T	2	F	72	87.1	47.1	114.1	61.6	108.6	-1.00	23	65.1	SL
F20N2VT20	N	20	2	V	T	20	F	50	93.4	48.0	118.2	71.9	102.8	-1.00	18	66.6	SL
F20N2VT21	N	20	2	V	T	21	F	96	103.9	55.0	125.7	78.9	103.8	-1.00	32	65.8	SL
F20N2VT22	N	20	2	V	T	22	F	70	99.5	49.3	121.7	70.1	111.1	-1.00	24	65.7	SL
F20N2VT23	N	20	2	V	T	23	F	36	87.4	50.3	120.5	53.2	114.1	-1.00	11	66.4	SL
F20N2VT24	N	20	2	V	T	24	F	60	101.5	56.2	121.8	65.8	119.6	-1.00	21	65.7	SL
F20N2VT25	N	20	2	V	T	25	F	71	114.0	60.9	127.8	88.3	106.0	-1.00	27	65.6	SL
F20N2VT26	N	20	2	V	T	26	F	63	85.2	46.4	120.4	59.9	101.7	-1.00	21	66.1	SL
F20N2VT3	N	20	2	V	T	3	F	65	99.6	52.9	115.1	73.4	113.7	-1.00	23	64.5	SL
F20N2VT4	N	20	2	V	T	4	F	64	86.9	46.8	113.1	58.4	113.5	-1.00	20	64.9	SL
F20N2VT5	N	20	2	V	T	5	F	57	90.4	48.3	115.3	61.1	113.7	-1.00	21	64.6	SL
F20N2VT6	N	20	2	V	T	6	F	63	87.1	48.7	115.6	67.3	100.3	-1.00	20	65.2	SL
F20N2VT7	N	20	2	V	T	7	F	23	89.0	52.3	104.9	63.6	118.9	-1.00	10	64.5	SL
F20N2VT8	N	20	2	V	T	8	F	41	104.7	59.1	126.4	74.7	109.2	-1.00	15	65.0	SL
F20N2VT9	N	20	2	V	T	9	F	52	72.5	38.0	100.1	58.0	100.9	-1.00	20	64.1	SL
F20N2VW1	N	20	2	V	W	1	F	24	85.3	48.0	109.0	60.3	112.2	-1.00	21	61.7	SL
F20N2VW10	N	20	2	V	W	10	F	18	122.5	73.0	112.9	100.5	119.0	-1.00	20	60.0	SL
F20N2VW11	N	20	2	V	W	11	F	19	91.5	53.3	115.6	79.4	93.7	-1.00	19	59.3	SL
F20N2VW2	N	20	2	V	W	2	F	20	89.6	50.6	115.4	55.1	120.3	-1.00	22	61.6	SL
F20N2VW3	N	20	2	V	W	3	F	21	92.6	48.1	129.2	60.4	105.4	-1.00	20	60.9	SL
F20N2VW4	N	20	2	V	W	4	F	29	103.6	55.0	126.3	71.4	111.6	-1.00	23	61.1	SL
F20N2VW5	N	20	2	V	W	5	F	19	95.0	52.4	105.3	65.5	126.5	-1.00	21	61.2	SL
F20N2VW6	N	20	2	V	W	6	F	22	142.7	73.0	130.7	104.1	124.3	-1.00	21	60.4	SL
F20N2VW7	N	20	2	V	W	7	F	18	109.3	57.5	108.6	86.6	119.9	-1.00	20	60.8	SL
F20N2VW8	N	20	2	V	W	8	F	24	125.0	67.2	112.9	102.6	120.3	-1.00	20	60.0	SL
F20N2VW9	N	20	2	V	W	9	F	25	118.5	66.1	123.0	96.2	108.3	-1.00	20	60.3	SL
F20N2VY1	N	20	2	V	Y	1	F	10	94.6	52.6	104.0	75.4	114.4	-1.00	20	60.4	SL
F20N2VY10	N	20	2	V	Y	10	F	13	151.6	89.0	138.4	107.2	124.7	-1.00	20	59.7	SL
F20N2VY11	N	20	2	V	Y	11	F	13	144.7	80.9	148.0	98.6	116.8	-1.00	21	59.7	SL
F20N2VY12	N	20	2	V	Y	12	F	12	102.8	59.6	117.1	89.8	98.2	-1.00	20	60.2	SL
F20N2VY13	N	20	2	V	Y	13	F	12	119.8	71.7	136.6	66.0	132.8	-1.00	20	60.8	SL
F20N2VY14	N	20	2	V	Y	14	F	13	131.2	73.3	113.6	107.4	122.9	-1.00	20	61.4	SL
F20N2VY15	N	20	2	V	Y	15	F	14	111.3	66.0	121.4	81.9	115.4	-1.00	21	59.8	SL
F20N2VY2	N	20	2	V	Y	2	F	12	191.8	106.3	115.6	158.1	143.4	-1.00	20	59.9	SL
F20N2VY3	N	20	2	V	Y	3	F	12	89.4	50.3	116.4	57.8	115.4	-1.00	20	59.3	SL
F20N2VY4	N	20	2	V	Y	4	F	22	116.6	68.4	115.8	100.1	108.4	-1.00	20	63.0	SL
F20N2VY5	N	20	2	V	Y	5	F	15	137.8	75.6	134.0	93.6	126.6	-1.00	21	59.8	SL
F20N2VY6	N	20	2	V	Y	6	F	13	66.3	40.3	111.5	48.4	90.7	-1.00	20	60.6	SL
F20N2VY7	N	20	2	V	Y	7	F	13	98.7	63.3	130.5	56.2	119.3	-1.00	20	60.9	SL
F20N2VY8	N	20	2	V	Y	8	F	12	110.6	60.7	96.3	99.0	121.1	-1.00	20	59.7	SL
F20N2VY9	N	20	2	V	Y	9	F	12	109.5	62.4	136.2	73.2	109.3	-1.00	20	59.3	SL
F24I1FR1	I	24	1	F	R	1	F	125	80.7	44.4	94.7	82.2	92.7	-1.00	47	67.1	SL
F24I1FR21	I	24	1	F	R	21	F	77	84.0	44.9	101.4	81.9	92.1	-1.00	34	67.7	SL
F24I1FR22	I	24	1	F	R	22	F	85	88.0	47.2	106.0	75.6	101.3	-1.00	34	65.5	SL
F24I1FR23	I	24	1	F	R	23	F	74	97.4	51.2	119.2	78.9	100.0	-1.00	30	63.4	SL
F24I1FR24	I	24	1	F	R	24	F	79	90.9	48.5	108.5	80.3	98.3	-1.00	32	62.6	SL
F24I1FR25	I	24	1	F	R	25	F	85	99.0	53.4	110.3	85.0	104.1	-1.00	38	64.0	SL
F24I1FR26	I	24	1	F	R	26	F	104	110.4	59.2	121.3	95.3	99.5	-1.00	44	64.0	SL
F24I1FR27	I	24	1	F	R	27	F	53	90.5	51.0	116.8	72.1	99.3	-1.00	23	64.0	SL
F24I1FS1	I	24	1	F	S	1	F	62	115.8	61.9	103.2	108.0	111.7	-1.00	34	67.1	SL
F24I1FS10	I	24	1	F	S	10	F	81	72.1	37.5	81.8	70.4	104.2	-1.00	32	66.4	SL
F24I1FS11	I	24	1	F	S	11	F	86	75.0	40.0	85.8	77.5	97.1	-1.00	31	67.7	SL
F24I1FS12	I	24	1	F	S	12	F	91	77.5	40.6	81.1	83.9	99.6	-1.00	33	67.8	SL
F24I1FS2	I	24	1	F	S	2	F	71	90.2	48.1	99.3	80.0	106.7	-1.00	30	66.6	SL
F24I1FS3	I	24	1	F	S	3	F	79	75.5	38.9	86.5	75.4	99.6	-1.00	32	66.7	SL
F24I1FS4	I	24	1	F	S	4	F	58	72.8	39.4	84.7	64.9	109.3	-1.00	31	67.9	SL
F24I1FS5	I	24	1	F	S	5	F	98	76.9	40.3	89.0	78.1	96.5	-1.00	35	67.4	SL
F24I1FS6	I	24	1	F	S	6	F	76	83.1	44.1	86.5	92.5	94.5	-1.00	29	66.6	SL
F24I1FS7	I	24	1	F	S	7	F	81	85.4	46.4	82.1	92.9	102.8	-1.00	30	67.0	SL
F24I1FS8	I	24	1	F	S	8	F	109	74.5	38.6	83.1	75.5	101.3	-1.00	37	67.6	SL
F24I1FS9	I	24	1	F	S	9	F	40	72.5	40.8	85.5	67.5	104.5	-1.00	34	63.5	SL
F24I1FT1	I	24	1	F	T	1	F	158	81.0	42.0	90.4	77.1	103.5	-1.00	46	69.7	SL
F24I1FT10	I	24	1	F	T	10	F	199	87.3	46.6	87.7	87.7	105.5	-1.00	64	68.7	SL
F24I1FT11	I	24	1	F	T	11	F	87	81.8	43.9	92.8	72.3	108.0	-1.00	29	68.5	SL
F24I1FS13	I	24	1	F	S	13	F	87	80.6	43.1	94.8	67.6	109.5	-1.00	30	68.0	SL
F24I1FS14	I	24	1	F	S	14	F	90	68.4	36.2	90.2	60.5	99.9	-1.00	32	67.6	SL
F24I1FS15	I	24	1	F	S	15	F	85	86.1	44.9	90.3	76.7	113.2	-1.00	31	68.6	SL
F24I1FT2	I	24	1	F	T	2	F	151	86.8	45.0	94.0	85.1	100.7	-1.00	46	69.1	SL
F24I1FT3	I	24	1	F	T	3	F	38	80.4	43.5	103.6	63.3	105.3	-1.00	14	69.7	SL
F24I1FT4	I	24	1	F	T	4	F	146	82.2	43.1	90.5	80.4	101.6	-1.00	49	69.1	SL
F24I1FT5	I	24	1	F	T	5	F	32	82.0	43.0	95.4	71.3	106.8	-1.00	12	70.0	SL
F24I1FT6	I	24	1	F	T	6	F	139	85.5	44.4	99.1	78.8	100.3	-1.00	47	68.8	SL
F24I1FT7	I	24	1	F	T	7	F	70	68.2	37.7	93.1	52.3	107.2	-1.00	25	69.2	SL
F24I1FT8	I	24	1	F	T	8	F	57	85.4	45.0	86.7	78.7	113.7	-1.00	17	70.0	SL
F24I1FT9	I	24	1	F	T	9	F	65	81.0	41.8	82.5	84.2	104.1	-1.00	18	69.4	SL
F24I1FW1	I	24	1	F	W	1	F	48	82.2	44.2	80.5	84.7	107.9	-1.00	29	68.2	SL
F24I1FW2	I	24	1	F	W	2	F	29	74.8	43.8	71.0	88.4	101.3	-1.00	20	67.5	SL
F24I1FW3	I	24	1	F	W	3	F	40	79.1	42.1	84.8	88.3	93.9	-1.00	22	68.1	SL
F24I1FW4	I	24	1	F	W	4	F	29	98.9	53.0	106.3	88.8	103.6	-1.00	20	67.1	SL
F24I1FW5	I	24	1	F	W	5	F	33	89.6	48.2	93.8	86.1	104.4	-1.00	20	67.3	SL
F24I1FY1	I	24	1	F	Y	1	F	26	102.3	52.8	102.9	95.5	105.1	-1.00	24	66.2	SL
F24I1FY2	I	24	1	F	Y	2	F	32	114.0	60.8	123.8	93.6	104.0	-1.00	20	68.6	SL
F24I1FY3	I	24	1	F	Y	3	F	27	93.9	49.7	85.4	92.5	114.0	-1.00	24	67.9	SL
F24I1FY4	I	24	1	F	Y	4	F	22	77.7	41.9	95.6	86.6	82.4	-1.00	19	66.1	SL
F24I1FY5	I	24	1	F	Y	5	F	25	114.7	61.5	109.2	110.2	102.1	-1.00	21	67.8	SL
F24I1FY6	I	24	1	F	Y	6	F	25	109.4	55.7	110.1	94.2	109.9	-1.00	21	68.0	SL
F24I1VI1	I	24	1	V	I	1	F	56	87.8	47.5	105.7	84.0	92.1	-1.00	29	63.0	SL
F24I1VI10	I	24	1	V	I	10	F	27	90.4	48.3	114.6	66.7	107.4	-1.00	20	65.7	SL
F24I1VI11	I	24	1	V	I	11	F	15	78.6	42.4	97.6	73.2	96.3	-1.00	10	60.3	SL
F24I1VI12	I	24	1	V	I	12	F	79	89.6	48.8	109.0	80.8	95.2	-1.00	40	62.7	SL
F24I1VI13	I	24	1	V	I	13	F	17	71.7	37.8	84.6	66.5	105.1	-1.00	10	69.4	SL
F24I1VI14	I	24	1	V	I	14	F	42	86.4	44.3	92.3	91.2	95.3	-1.00	20	67.3	SL
F24I1VI15	I	24	1	V	I	15	F	83	86.7	47.2	104.2	85.6	90.1	-1.00	32	61.9	SL
F24I1VI16	I	24	1	V	I	16	F	23	72.5	39.3	87.8	80.0	87.8	-1.00	11	61.0	SL
F24I1VI17	I	24	1	V	I	17	F	46	109.0	58.4	122.7	78.0	115.2	-1.00	24	60.5	SL
F24I1VI18	I	24	1	V	I	18	F	63	97.3	52.0	107.4	89.0	100.0	-1.00	32	62.3	SL
F24I1VI19	I	24	1	V	I	19	F	39	102.1	55.5	108.3	74.3	123.7	-1.00	16	64.0	SL
F24I1VI2	I	24	1	V	I	2	F	88	78.2	41.8	103.9	62.6	101.9	-1.00	36	63.2	SL
F24I1VI20	I	24	1	V	I	20	F	87	96.3	52.1	107.3	80.7	107.7	-1.00	37	63.0	SL
F24I1VI21	I	24	1	V	I	21	F	97	97.0	53.1	116.3	88.6	91.6	-1.00	40	63.4	SL
F24I1VI22	I	24	1	V	I	22	F	91	98.4	52.1	118.7	71.9	110.2	-1.00	39	64.3	SL
F24I1VI23	I	24	1	V	I	23	F	72	111.0	58.1	125.8	92.1	99.7	-1.00	29	62.5	SL
F24I1VI24	I	24	1	V	I	24	F	109	85.2	44.4	107.7	72.0	99.1	-1.00	42	63.7	SL
F24I1VI3	I	24	1	V	I	3	F	56	86.3	47.7	117.4	68.9	95.5	-1.00	24	63.4	SL
F24I1VI4	I	24	1	V	I	4	F	47	111.4	60.2	109.0	97.2	110.7	-1.00	22	63.6	SL
F24I1VI5	I	24	1	V	I	5	F	51	73.8	40.4	109.1	60.7	91.4	-1.00	21	63.1	SL
F24I1VI6	I	24	1	V	I	6	F	84	83.2	44.6	94.9	76.2	103.7	-1.00	31	65.1	SL
F24I1VI7	I	24	1	V	I	7	F	25	74.8	40.0	93.1	71.5	95.9	-1.00	16	65.5	SL
F24I1VI8	I	24	1	V	I	8	F	60	100.2	52.5	105.9	88.4	106.5	-1.00	24	66.0	SL
F24I1VI9	I	24	1	V	I	9	F	46	87.7	45.6	100.7	80.7	100.3	-1.00	22	63.6	SL
F24I2VS1	I	24	2	V	S	1	F	84	97.2	53.1	126.2	58.4	118.1	-1.00	37	68.3	SL
F24I2VS10	I	24	2	V	S	10	F	87	79.8	43.1	115.8	53.3	105.0	-1.00	30	68.4	SL
F24I2VS11	I	24	2	V	S	11	F	79	77.4	41.8	104.0	58.6	105.3	-1.00	30	67.8	SL
F24I2VS12	I	24	2	V	S	12	F	77	112.7	59.2	119.6	78.2	123.7	-1.00	32	67.2	SL
F24I2VS13	I	24	2	V	S	13	F	79	100.0	52.1	114.0	70.2	119.5	-1.00	30	67.9	SL
F24I2VS14	I	24	2	V	S	14	F	84	101.4	55.0	118.9	73.4	112.8	-1.00	30	69.3	SL
F24I2VS15	I	24	2	V	S	15	F	81	98.2	53.5	118.8	73.2	108.2	-1.00	33	68.9	SL
F24I2VS16	I	24	2	V	S	16	F	94	86.2	46.2	109.5	68.2	103.5	-1.00	31	69.2	SL
F24I2VS17	I	24	2	V	S	17	F	97	87.4	46.7	115.4	56.6	114.6	-1.00	35	68.8	SL
F24I2VS18	I	24	2	V	S	18	F	88	97.2	52.2	122.7	63.1	115.2	-1.00	32	67.5	SL
F24I2VS2	I	24	2	V	S	2	F	67	90.2	49.8	118.7	60.8	110.5	-1.00	31	67.7	SL
F24I2VS3	I	24	2	V	S	3	F	81	103.9	55.3	115.3	79.3	113.2	-1.00	33	68.1	SL
F24I2VS4	I	24	2	V	S	4	F	81	90.8	49.6	109.9	67.0	112.3	-1.00	33	68.2	SL
F24I2VS5	I	24	2	V	S	5	F	80	99.6	52.6	118.2	71.8	112.5	-1.00	33	68.3	SL
F24I2VS6	I	24	2	V	S	6	F	84	111.3	59.4	104.9	93.3	119.1	-1.00	30	69.2	SL
F24I2VS7	I	24	2	V	S	7	F	92	96.5	51.5	111.1	69.1	117.9	-1.00	36	67.8	SL
F24I2VS8	I	24	2	V	S	8	F	77	99.6	54.3	112.7	73.1	116.4	-1.00	33	67.9	SL
F24I2VS9	I	24	2	V	S	9	F	79	98.0	52.1	111.9	80.0	106.6	-1.00	29	67.5	SL
F24I2VT1	I	24	2	V	T	1	F	59	78.6	43.1	106.3	55.4	109.4	-1.00	23	71.2	SL
F24I2VT10	I	24	2	V	T	10	F	22	78.9	44.3	99.5	54.6	118.4	-1.00	9	69.9	SL
F24I2VT11	I	24	2	V	T	11	F	14	79.6	44.8	111.7	51.3	111.4	-1.00	6	69.6	SL
F24I2VT12	I	24	2	V	T	12	F	68	101.3	55.9	118.3	66.9	121.4	-1.00	23	70.6	SL
F24I2VT13	I	24	2	V	T	13	F	6	52.1	31.7	136.1	4.1	107.5	-1.00	4	69.1	SL
F24I2VT14	I	24	2	V	T	14	F	49	88.7	47.2	109.2	68.3	107.9	-1.00	16	68.9	SL
F24I2VT15	I	24	2	V	T	15	F	78	88.9	47.3	108.3	72.0	104.7	-1.00	22	69.1	SL
F24I2VT16	I	24	2	V	T	16	F	30	92.3	48.7	105.7	74.2	110.4	-1.00	11	70.6	SL
F24I2VT17	I	24	2	V	T	17	F	44	98.3	50.5	120.7	69.3	111.2	-1.00	16	69.3	SL
F24I2VT18	I	24	2	V	T	18	F	74	110.9	59.8	113.6	89.2	114.0	-1.00	25	70.6	SL
F24I2VT19	I	24	2	V	T	19	F	39	101.1	53.6	112.5	84.7	105.4	-1.00	13	69.2	SL
F24I2VT2	I	24	2	V	T	2	F	93	89.0	46.6	99.9	67.1	119.7	-1.00	30	71.5	SL
F24I2VT20	I	24	2	V	T	20	F	84	93.7	49.1	114.5	71.3	107.4	-1.00	26	70.0	SL
F24I2VT21	I	24	2	V	T	21	F	105	105.8	57.0	119.3	81.5	109.7	-1.00	34	69.7	SL
F24I2VT22	I	24	2	V	T	22	F	84	91.5	49.4	118.8	60.4	113.2	-1.00	29	70.3	SL
F24I2VT23	I	24	2	V	T	23	F	78	102.9	57.9	124.9	67.5	116.7	-1.00	27	70.3	SL
F24I2VT24	I	24	2	V	T	24	F	110	91.6	49.7	111.5	64.8	114.9	-1.00	36	69.7	SL
F24I2VT3	I	24	2	V	T	3	F	61	96.7	50.7	106.1	78.5	112.1	-1.00	20	71.2	SL
F24I2VT4	I	24	2	V	T	4	F	55	81.8	45.2	88.3	69.2	117.0	-1.00	17	71.1	SL
F24I2VT5	I	24	2	V	T	5	F	46	88.5	46.9	107.4	72.0	104.9	-1.00	17	70.4	SL
F24I2VT6	I	24	2	V	T	6	F	99	83.0	44.0	90.9	73.8	110.4	-1.00	31	70.7	SL
F24I2VT7	I	24	2	V	T	7	F	40	83.2	44.3	100.0	67.5	108.8	-1.00	14	71.5	SL
F24I2VT8	I	24	2	V	T	8	F	77	81.3	43.6	95.1	66.8	111.3	-1.00	21	70.7	SL
F24I2VT9	I	24	2	V	T	9	F	51	96.9	51.4	99.0	80.7	117.4	-1.00	17	71.3	SL
F24I2VW1	I	24	2	V	W	1	F	39	105.6	56.8	121.3	77.1	112.5	-1.00	30	67.9	SL
F24I2VW2	I	24	2	V	W	2	F	37	100.0	54.5	105.3	82.2	113.8	-1.00	24	68.3	SL
F24I2VW3	I	24	2	V	W	3	F	41	97.6	51.6	107.6	91.8	97.3	-1.00	27	67.4	SL
F24I2VW4	I	24	2	V	W	4	F	46	112.7	62.1	120.0	95.2	104.0	-1.00	28	67.1	SL
F24I2VW5	I	24	2	V	W	5	F	33	105.2	57.4	113.9	88.0	106.7	-1.00	22	67.0	SL
F24I2VW6	I	24	2	V	W	6	F	32	109.7	59.1	117.2	95.5	102.1	-1.00	24	66.6	SL
F24I2VY1	I	24	2	V	Y	1	F	22	101.0	51.6	123.6	61.6	122.4	-1.00	28	66.7	SL
F24I2VY2	I	24	2	V	Y	2	F	21	120.3	65.7	127.3	103.7	99.0	-1.00	25	66.6	SL
F24I2VY3	I	24	2	V	Y	3	F	17	160.9	84.5	137.2	123.5	120.1	-1.00	23	67.6	SL
F24I2VY4	I	24	2	V	Y	4	F	24	128.6	70.6	111.3	109.5	119.6	-1.00	22	67.5	SL
F24I2VY5	I	24	2	V	Y	5	F	18	125.9	71.4	117.7	113.6	105.5	-1.00	20	66.9	SL
F24I2VY6	I	24	2	V	Y	6	F	18	133.9	72.7	116.5	105.1	125.9	-1.00	20	66.0	SL
F24I2VY7	I	24	2	V	Y	7	F	17	149.0	80.4	143.9	108.2	115.6	-1.00	21	66.6	SL
F24I2VY8	I	24	2	V	Y	8	F	16	117.4	72.0	110.3	129.4	87.4	-1.00	21	67.1	SL
F24I2VY9	I	24	2	V	Y	9	F	28	141.5	81.4	128.7	111.5	117.0	-1.00	31	67.3	SL
F28G1FR1	G	28	1	F	R	1	F	171	104.8	57.3	116.9	88.8	102.4	-1.00	57	62.0	SL
F28G1FR21	G	28	1	F	R	21	F	144	103.7	55.7	115.8	96.9	93.4	-1.00	48	61.4	SL
F28G1FR22	G	28	1	F	R	22	F	92	108.0	56.8	116.6	92.2	103.7	-1.00	31	60.1	SL
F28G1FR23	G	28	1	F	R	23	F	83	97.7	52.7	115.1	84.4	98.3	-1.00	27	61.2	SL
F28G1FR24	G	28	1	F	R	24	F	58	108.5	57.1	118.3	101.7	93.3	-1.00	22	61.2	SL
F28G1FR25	G	28	1	F	R	25	F	120	120.8	64.8	116.5	109.7	103.6	-1.00	38	61.0	SL
F28G1FR26	G	28	1	F	R	26	F	63	108.0	59.9	118.6	92.0	102.1	-1.00	21	61.3	SL
F28G1FR27	G	28	1	F	R	27	F	56	114.1	59.1	131.3	82.0	110.0	-1.00	21	61.6	SL
F28G1FS1	G	28	1	F	S	1	F	72	106.4	55.4	115.8	88.6	106.1	-1.00	31	61.2	SL
F28G1FS10	G	28	1	F	S	10	F	80	106.7	56.1	105.2	98.9	105.9	-1.00	30	62.2	SL
F28G1FS11	G	28	1	F	S	11	F	83	118.7	64.4	123.4	108.1	96.3	-1.00	35	61.5	SL
F28G1FS12	G	28	1	F	S	12	F	70	100.4	54.1	112.7	93.5	94.9	-1.00	30	61.1	SL
F28G1FS13	G	28	1	F	S	13	F	76	99.1	53.2	102.8	96.2	99.7	-1.00	29	61.7	SL
F28G1FS14	G	28	1	F	S	14	F	88	107.4	57.0	111.9	93.6	105.9	-1.00	34	61.7	SL
F28G1FS15	G	28	1	F	S	15	F	79	102.9	54.7	108.6	100.5	95.4	-1.00	33	61.7	SL
F28G1FS16	G	28	1	F	S	16	F	83	104.9	56.8	114.2	101.5	92.2	-1.00	30	60.9	SL
F28G1FS2	G	28	1	F	S	2	F	74	93.3	48.5	109.9	88.2	92.4	-1.00	31	61.2	SL
F28G1FS3	G	28	1	F	S	3	F	92	100.7	53.7	114.8	85.1	102.3	-1.00	34	61.8	SL
F28G1FS4	G	28	1	F	S	4	F	87	102.2	53.8	113.9	94.1	95.9	-1.00	34	61.8	SL
F28G1FS5	G	28	1	F	S	5	F	96	93.0	47.6	104.8	96.2	88.6	-1.00	34	60.8	SL
F28G1FS6	G	28	1	F	S	6	F	86	100.5	54.3	113.6	96.7	91.1	-1.00	32	61.5	SL
F28G1FS7	G	28	1	F	S	7	F	86	112.0	57.5	112.3	98.1	107.3	-1.00	32	60.8	SL
F28G1FS8	G	28	1	F	S	8	F	53	109.7	57.5	113.9	89.8	111.4	-1.00	25	58.2	SL
F28G1FS9	G	28	1	F	S	9	F	77	101.5	53.6	110.6	104.0	88.4	-1.00	35	61.1	SL
F28G1FT1	G	28	1	F	T	1	F	174	108.8	57.6	104.4	104.6	104.0	-1.00	58	63.5	SL
F28G1FT10	G	28	1	F	T	10	F	215	112.2	59.2	112.5	103.9	101.6	-1.00	83	63.5	SL
F28G1FT11	G	28	1	F	T	11	F	98	110.8	60.9	107.2	103.0	105.7	-1.00	34	63.5	SL
F28G1FT2	G	28	1	F	T	2	F	165	111.4	57.7	111.3	107.7	97.9	-1.00	59	62.9	SL
F28G1FT3	G	28	1	F	T	3	F	44	101.1	55.2	111.3	95.9	94.9	-1.00	17	63.7	SL
F28G1FT4	G	28	1	F	T	4	F	151	104.2	55.3	108.4	99.0	99.1	-1.00	58	62.9	SL
F28G1FT5	G	28	1	F	T	5	F	32	103.4	58.0	126.3	90.0	90.8	-1.00	14	62.9	SL
F28G1FT6	G	28	1	F	T	6	F	152	111.5	59.2	118.5	101.9	96.9	-1.00	59	65.1	SL
F28G1FT7	G	28	1	F	T	7	F	80	107.2	56.4	118.1	91.1	102.3	-1.00	30	63.6	SL
F28G1FT8	G	28	1	F	T	8	F	53	102.7	55.5	94.9	94.3	115.6	-1.00	22	65.3	SL
F28G1FT9	G	28	1	F	T	9	F	73	91.0	48.3	94.9	93.3	98.0	-1.00	25	63.8	SL
F28G1FW1	G	28	1	F	W	1	F	19	127.5	65.4	114.6	124.7	100.1	-1.00	19	57.4	SL
F28G1FW2	G	28	1	F	W	2	F	41	128.7	66.6	117.1	119.2	104.3	-1.00	28	59.3	SL
F28G1FW3	G	28	1	F	W	3	F	23	128.8	65.9	102.0	127.6	111.6	-1.00	22	58.0	SL
F28G1FW4	G	28	1	F	W	4	F	27	140.0	78.2	122.0	136.1	98.3	-1.00	24	58.1	SL
F28G1FW5	G	28	1	F	W	5	F	21	125.0	64.7	128.5	102.0	105.8	-1.00	20	57.0	SL
F28G1FW6	G	28	1	F	W	6	F	23	142.9	75.5	121.9	124.4	112.4	-1.00	21	57.1	SL
F28G1FW7	G	28	1	F	W	7	F	27	91.2	48.3	105.2	84.7	97.3	-1.00	24	57.1	SL
F28G1FW8	G	28	1	F	W	8	F	26	143.1	76.6	137.8	119.3	103.1	-1.00	25	58.9	SL
F28G1FY1	G	28	1	F	Y	1	F	13	115.3	63.3	124.8	146.0	60.4	-1.00	21	58.3	SL
F28G1FY2	G	28	1	F	Y	2	F	23	130.9	67.1	110.7	104.4	128.8	-1.00	24	59.2	SL
F28G1FY3	G	28	1	F	Y	3	F	15	161.0	87.8	108.0	152.5	122.3	-1.00	20	57.9	SL
F28G1FY4	G	28	1	F	Y	4	F	25	140.4	71.0	107.7	112.7	136.0	-1.00	26	58.5	SL
F28G1FY5	G	28	1	F	Y	5	F	25	118.8	61.6	113.4	93.5	121.0	-1.00	31	58.9	SL
F28G1FY6	G	28	1	F	Y	6	F	19	157.6	83.7	125.1	147.7	105.5	-1.00	24	59.0	SL
F28G1FY7	G	28	1	F	Y	7	F	19	100.3	52.6	110.7	83.8	107.0	-1.00	21	58.9	SL
F28G1VI1	G	28	1	V	I	1	F	149	98.0	50.9	116.0	92.4	89.6	-1.00	51	59.0	SL
F28G1VI10	G	28	1	V	I	10	F	122	98.9	52.3	118.7	72.9	109.7	-1.00	45	63.4	SL
F28G1VI11	G	28	1	V	I	11	F	202	92.3	48.4	106.2	88.5	93.9	-1.00	66	62.7	SL
F28G1VI2	G	28	1	V	I	2	F	248	88.5	47.0	111.6	86.9	84.8	-1.00	82	59.5	SL
F28G1VI3	G	28	1	V	I	3	F	125	90.2	48.3	104.8	92.3	88.2	-1.00	44	60.1	SL
F28G1VI4	G	28	1	V	I	4	F	233	90.8	48.3	110.5	86.0	90.2	-1.00	67	59.8	SL
F28G1VI5	G	28	1	V	I	5	F	202	100.1	52.0	120.2	90.2	91.2	-1.00	64	58.6	SL
F28G1VI6	G	28	1	V	I	6	F	138	106.8	57.8	115.7	96.5	98.2	-1.00	48	60.5	SL
F28G1VI7	G	28	1	V	I	7	F	135	101.5	54.0	120.4	88.5	94.7	-1.00	49	62.3	SL
F28G1VI8	G	28	1	V	I	8	F	179	98.3	52.2	118.9	87.8	92.2	-1.00	57	62.6	SL
F28G1VI9	G	28	1	V	I	9	F	100	99.4	53.0	112.0	92.1	95.5	-1.00	40	61.5	SL
F28G2VS1	G	28	2	V	S	1	F	83	95.0	51.2	112.1	80.7	101.0	-1.00	36	62.8	SL
F28G2VS10	G	28	2	V	S	10	F	72	98.8	51.4	103.5	95.7	99.0	-1.00	31	61.3	SL
F28G2VS11	G	28	2	V	S	11	F	81	97.9	50.0	106.1	83.9	107.7	-1.00	30	62.5	SL
F28G2VS12	G	28	2	V	S	12	F	83	99.2	52.4	115.4	75.5	110.3	-1.00	31	62.6	SL
F28G2VS13	G	28	2	V	S	13	F	81	110.9	58.0	118.5	98.2	99.8	-1.00	30	62.1	SL
F28G2VS14	G	28	2	V	S	14	F	91	92.6	47.6	110.8	78.8	100.5	-1.00	33	63.0	SL
F28G2VS15	G	28	2	V	S	15	F	91	99.6	52.6	109.5	84.5	106.3	-1.00	36	62.9	SL
F28G2VS16	G	28	2	V	S	16	F	103	100.3	53.9	105.2	88.2	107.5	-1.00	35	62.3	SL
F28G2VS17	G	28	2	V	S	17	F	103	97.0	52.1	115.8	76.2	105.6	-1.00	34	63.0	SL
F28G2VS18	G	28	2	V	S	18	F	50	107.8	59.1	118.2	88.0	106.4	-1.00	32	60.9	SL
F28G2VS19	G	28	2	V	S	19	F	103	96.0	51.1	108.1	84.9	101.7	-1.00	36	63.3	SL
F28G2VS2	G	28	2	V	S	2	F	87	106.8	55.6	114.8	89.2	106.9	-1.00	34	63.8	SL
F28G2VS20	G	28	2	V	S	20	F	93	93.8	49.8	115.3	78.5	98.5	-1.00	34	62.2	SL
F28G2VS21	G	28	2	V	S	21	F	93	93.5	48.3	113.6	83.2	94.6	-1.00	32	63.2	SL
F28G2VS22	G	28	2	V	S	22	F	92	94.8	49.9	110.0	75.9	108.1	-1.00	33	63.6	SL
F28G2VS23	G	28	2	V	S	23	F	95	96.1	51.0	115.5	85.4	94.5	-1.00	31	62.8	SL
F28G2VS24	G	28	2	V	S	24	F	119	99.0	50.7	112.2	78.9	109.1	-1.00	38	64.1	SL
F28G2VS25	G	28	2	V	S	25	F	78	110.9	57.8	112.3	90.6	113.9	-1.00	32	62.9	SL
F28G2VS3	G	28	2	V	S	3	F	116	93.9	49.3	110.2	77.8	104.3	-1.00	40	62.5	SL
F28G2VS4	G	28	2	V	S	4	F	92	106.3	56.3	109.7	88.3	112.0	-1.00	33	62.3	SL
F28G2VS5	G	28	2	V	S	5	F	99	99.9	54.2	107.3	81.4	112.6	-1.00	33	62.2	SL
F28G2VS6	G	28	2	V	S	6	F	98	95.0	51.6	101.3	91.6	99.7	-1.00	32	61.9	SL
F28G2VS7	G	28	2	V	S	7	F	90	92.2	48.7	108.3	76.3	105.1	-1.00	32	62.3	SL
F28G2VS8	G	28	2	V	S	8	F	90	93.8	47.9	109.9	74.9	107.6	-1.00	33	61.5	SL
F28G2VS9	G	28	2	V	S	9	F	44	113.6	61.1	118.6	104.2	97.6	-1.00	23	59.9	SL
F28G2VT1	G	28	2	V	T	1	F	193	105.1	54.7	108.2	95.7	103.9	-1.00	65	64.3	SL
F28G2VT10	G	28	2	V	T	10	F	129	93.8	49.4	116.9	69.3	107.6	-1.00	44	64.2	SL
F28G2VT11	G	28	2	V	T	11	F	229	105.6	56.2	113.8	92.1	102.9	-1.00	72	63.8	SL
F28G2VT2	G	28	2	V	T	2	F	294	97.1	51.8	110.7	85.0	100.8	-1.00	90	63.9	SL
F28G2VT3	G	28	2	V	T	3	F	136	99.2	53.5	104.0	88.5	106.8	-1.00	42	64.4	SL
F28G2VT4	G	28	2	V	T	4	F	271	98.8	53.2	111.6	82.9	104.7	-1.00	79	63.7	SL
F28G2VT5	G	28	2	V	T	5	F	209	106.0	56.8	120.7	87.9	101.6	-1.00	60	63.1	SL
F28G2VT6	G	28	2	V	T	6	F	148	111.9	60.4	118.1	98.1	101.7	-1.00	43	63.5	SL
F28G2VT7	G	28	2	V	T	7	F	157	103.6	55.6	113.3	88.3	104.5	-1.00	50	64.0	SL
F28G2VT8	G	28	2	V	T	8	F	216	107.5	56.8	115.5	86.7	109.9	-1.00	62	63.7	SL
F28G2VT9	G	28	2	V	T	9	F	123	106.8	55.2	110.3	90.0	110.4	-1.00	39	64.2	SL
F28G2VW1	G	28	2	V	W	1	F	36	110.8	58.5	105.8	104.5	105.6	-1.00	29	59.7	SL
F28G2VW2	G	28	2	V	W	2	F	47	104.9	56.5	102.5	100.3	104.4	-1.00	30	59.9	SL
F28G2VW3	G	28	2	V	W	3	F	22	115.7	61.0	121.2	113.2	89.5	-1.00	20	59.3	SL
F28G2VW4	G	28	2	V	W	4	F	29	104.8	57.0	115.8	93.5	98.5	-1.00	23	59.6	SL
F28G2VW5	G	28	2	V	W	5	F	26	102.8	56.8	109.9	83.8	111.7	-1.00	20	60.4	SL
F28G2VW6	G	28	2	V	W	6	F	33	95.1	51.6	112.3	79.3	102.5	-1.00	20	60.7	SL
F28G2VW7	G	28	2	V	W	7	F	35	122.2	61.5	123.1	102.7	106.4	-1.00	20	61.5	SL
F28G2VY1	G	28	2	V	Y	1	F	21	155.0	86.1	122.3	141.1	111.0	-1.00	27	60.5	SL
F28G2VY10	G	28	2	V	Y	10	F	18	130.2	62.6	113.0	116.9	112.5	-1.00	22	59.8	SL
F28G2VY2	G	28	2	V	Y	2	F	22	148.1	81.7	111.7	134.2	119.7	-1.00	23	59.1	SL
F28G2VY3	G	28	2	V	Y	3	F	20	122.0	65.4	128.0	99.0	105.3	-1.00	23	60.5	SL
F28G2VY4	G	28	2	V	Y	4	F	17	146.7	79.0	133.4	119.7	110.7	-1.00	21	58.9	SL
F28G2VY5	G	28	2	V	Y	5	F	27	83.7	43.9	122.9	50.2	109.4	-1.00	24	60.2	SL
F28G2VY6	G	28	2	V	Y	6	F	21	144.2	77.4	123.6	121.5	115.2	-1.00	29	60.6	SL
F28G2VY7	G	28	2	V	Y	7	F	20	153.7	79.6	127.3	134.6	110.6	-1.00	24	59.9	SL
F28G2VY8	G	28	2	V	Y	8	F	15	147.9	78.2	128.4	119.1	117.5	-1.00	21	59.6	SL
F28G2VY9	G	28	2	V	Y	9	F	17	122.1	64.6	122.7	92.7	117.1	-1.00	23	58.8	SL
F40L1FR1	L	40	1	F	R	1	F	89	99.8	52.7	104.7	88.5	107.1	-1.00	37	64.6	SL
F40L1FR21	L	40	1	F	R	21	F	56	105.0	55.6	108.3	92.2	107.3	-1.00	20	62.8	SL
F40L1FR22	L	40	1	F	R	22	F	48	101.5	51.9	95.6	101.2	105.5	-1.00	20	63.0	SL
F40L1FR23	L	40	1	F	R	23	F	57	97.4	53.7	96.6	87.8	112.4	-1.00	25	63.6	SL
F40L1FR24	L	40	1	F	R	24	F	41	107.3	55.6	107.3	94.6	109.2	-1.00	27	63.9	SL
F40L1FR25	L	40	1	F	R	25	F	77	104.5	54.1	105.7	98.0	103.1	-1.00	29	63.9	SL
F40L1FR26	L	40	1	F	R	26	F	92	91.4	49.8	101.9	87.7	97.4	-1.00	35	62.2	SL
F40L1FS1	L	40	1	F	S	1	F	67	115.1	62.4	104.5	102.8	114.7	-1.00	31	63.9	SL
F40L1FS10	L	40	1	F	S	10	F	81	93.4	49.8	89.1	90.3	111.3	-1.00	29	64.2	SL
F40L1FS11	L	40	1	F	S	11	F	82	115.1	61.8	99.8	107.3	115.0	-1.00	31	65.7	SL
F40L1FS12	L	40	1	F	S	12	F	12	90.0	49.0	120.8	113.5	56.7	-1.00	25	56.9	SL
F40L1FS13	L	40	1	F	S	13	F	21	105.4	56.2	111.4	90.1	107.2	-1.00	30	62.8	SL
F40L1FS14	L	40	1	F	S	14	F	81	101.8	54.0	92.5	98.0	112.8	-1.00	30	65.5	SL
F40L1FS15	L	40	1	F	S	15	F	76	96.9	51.0	99.2	92.2	104.1	-1.00	30	65.8	SL
F40L1FS16	L	40	1	F	S	16	F	90	101.9	55.2	96.4	98.7	108.0	-1.00	32	64.8	SL
F40L1FS2	L	40	1	F	S	2	F	91	110.8	59.0	97.1	105.8	113.1	-1.00	35	66.7	SL
F40L1FS3	L	40	1	F	S	3	F	84	107.6	57.9	109.3	97.4	104.7	-1.00	29	66.2	SL
F40L1FS4	L	40	1	F	S	4	F	84	90.5	47.5	97.4	79.8	109.5	-1.00	34	66.9	SL
F40L1FS5	L	40	1	F	S	5	F	102	100.4	51.9	103.8	95.6	101.3	-1.00	35	66.2	SL
F40L1FS6	L	40	1	F	S	6	F	99	103.4	57.3	109.9	88.8	106.9	-1.00	37	63.9	SL
F40L1FS7	L	40	1	F	S	7	F	86	97.4	50.8	89.5	90.3	117.6	-1.00	30	66.1	SL
F40L1FS8	L	40	1	F	S	8	F	65	104.1	55.1	110.3	90.4	106.0	-1.00	32	63.4	SL
F40L1FS9	L	40	1	F	S	9	F	77	108.4	57.2	106.2	101.6	104.5	-1.00	34	63.9	SL
F40L1FT1	L	40	1	F	T	1	F	138	113.0	61.2	111.6	90.6	117.5	-1.00	48	68.5	SL
F40L1FT10	L	40	1	F	T	10	F	187	130.1	69.6	116.3	107.8	118.2	-1.00	66	65.6	SL
F40L1FT11	L	40	1	F	T	11	F	83	125.4	68.8	111.5	95.3	130.6	-1.00	32	64.9	SL
F40L1FT2	L	40	1	F	T	2	F	148	118.8	63.5	117.5	99.1	110.8	-1.00	48	68.2	SL
F40L1FT3	L	40	1	F	T	3	F	40	110.8	57.2	121.8	75.6	121.7	-1.00	14	68.0	SL
F40L1FT4	L	40	1	F	T	4	F	139	117.1	60.9	110.5	95.8	118.9	-1.00	47	65.6	SL
F40L1FT5	L	40	1	F	T	5	F	35	126.3	69.7	132.6	91.4	114.9	-1.00	12	67.0	SL
F40L1FT6	L	40	1	F	T	6	F	129	118.4	62.6	111.6	102.9	112.1	-1.00	49	67.7	SL
F40L1FT7	L	40	1	F	T	7	F	64	101.1	54.3	103.0	82.0	118.4	-1.00	23	67.1	SL
F40L1FT8	L	40	1	F	T	8	F	45	124.7	67.0	116.3	100.8	118.3	-1.00	16	67.1	SL
F40L1FT9	L	40	1	F	T	9	F	63	115.3	62.3	111.0	97.0	114.7	-1.00	20	66.2	SL
F40L1FW1	L	40	1	F	W	1	F	30	131.8	71.5	105.9	117.8	121.0	-1.00	23	68.0	SL
F40L1FW2	L	40	1	F	W	2	F	50	113.4	60.8	101.1	101.3	117.4	-1.00	29	68.5	SL
F40L1FW3	L	40	1	F	W	3	F	36	103.0	56.2	92.8	94.2	118.4	-1.00	19	69.1	SL
F40L1FW4	L	40	1	F	W	4	F	27	116.1	59.8	94.5	102.9	127.1	-1.00	20	69.6	SL
F40L1FW5	L	40	1	F	W	5	F	35	102.4	57.2	102.6	91.8	109.6	-1.00	20	68.5	SL
F40L1FY1	L	40	1	F	Y	1	F	24	136.2	70.2	108.1	110.7	132.1	-1.00	19	68.4	SL
F40L1FY2	L	40	1	F	Y	2	F	32	125.2	64.9	103.6	110.6	121.9	-1.00	27	68.3	SL
F40L1FY3	L	40	1	F	Y	3	F	23	141.5	74.5	107.1	131.3	119.1	-1.00	19	69.4	SL
F40L1FY4	L	40	1	F	Y	4	F	34	142.4	76.8	106.4	121.2	131.1	-1.00	26	72.1	SL
F40L1VI1	L	40	1	V	I	1	F	99	92.0	48.6	99.0	83.1	106.4	-1.00	33	63.9	SL
F40L1VI2	L	40	1	V	I	2	F	143	93.4	49.6	97.3	84.1	109.3	-1.00	58	63.5	SL
F40L1VI3	L	40	1	V	I	3	F	217	85.4	44.6	95.0	77.8	105.5	-1.00	82	62.6	SL
F40L1VI4	L	40	1	V	I	4	F	197	96.4	50.4	97.7	91.7	105.5	-1.00	81	62.6	SL
F40L1VI5	L	40	1	V	I	5	F	195	95.0	49.1	97.9	90.8	104.1	-1.00	78	61.9	SL
F40L1VI6	L	40	1	V	I	6	F	167	104.4	54.6	106.1	94.3	106.4	-1.00	69	62.1	SL
F40L1VI7	L	40	1	V	I	7	F	183	98.8	50.8	96.4	89.8	112.7	-1.00	74	63.1	SL
F40L1VI8	L	40	1	V	I	8	F	199	100.3	51.5	106.5	87.6	107.0	-1.00	90	62.0	SL
F40L1VI9	L	40	1	V	I	9	F	55	93.5	52.3	107.4	84.2	99.2	-1.00	32	58.3	SL
F40L2VS1	L	40	2	V	S	1	F	69	103.9	55.3	91.7	98.1	116.8	-1.00	30	65.0	SL
F40L2VS10	L	40	2	V	S	10	F	92	92.0	48.8	95.2	77.8	116.7	-1.00	30	65.4	SL
F40L2VS11	L	40	2	V	S	11	F	94	93.0	48.8	102.1	72.8	117.0	-1.00	30	64.4	SL
F40L2VS12	L	40	2	V	S	12	F	104	109.5	57.1	110.8	87.7	116.5	-1.00	32	64.5	SL
F40L2VS13	L	40	2	V	S	13	F	80	93.0	51.0	102.0	77.4	111.5	-1.00	29	63.8	SL
F40L2VS14	L	40	2	V	S	14	F	93	107.4	55.6	105.3	88.9	117.8	-1.00	32	64.5	SL
F40L2VS2	L	40	2	V	S	2	F	103	89.0	47.1	90.3	86.9	106.4	-1.00	32	66.2	SL
F40L2VS3	L	40	2	V	S	3	F	103	101.8	52.1	103.0	89.2	111.1	-1.00	30	65.8	SL
F40L2VS4	L	40	2	V	S	4	F	87	104.9	55.6	107.9	80.5	120.9	-1.00	31	65.5	SL
F40L2VS5	L	40	2	V	S	5	F	91	92.0	47.1	93.6	82.1	113.4	-1.00	31	65.5	SL
F40L2VS6	L	40	2	V	S	6	F	106	101.5	53.8	106.8	85.1	111.4	-1.00	36	65.4	SL
F40L2VS7	L	40	2	V	S	7	F	125	101.3	53.0	96.4	88.8	117.8	-1.00	44	65.6	SL
F40L2VS8	L	40	2	V	S	8	F	128	98.4	52.4	101.1	90.9	105.9	-1.00	39	64.5	SL
F40L2VS9	L	40	2	V	S	9	F	97	99.8	51.9	100.6	82.6	118.1	-1.00	31	64.4	SL
F40L2VT1	L	40	2	V	T	1	F	105	105.1	56.3	107.9	89.4	110.8	-1.00	32	67.2	SL
F40L2VT2	L	40	2	V	T	2	F	133	112.0	59.3	113.2	82.6	123.7	-1.00	42	66.9	SL
F40L2VT3	L	40	2	V	T	3	F	201	108.6	56.3	112.3	85.1	116.6	-1.00	61	66.2	SL
F40L2VT4	L	40	2	V	T	4	F	191	112.1	60.1	112.0	89.1	117.5	-1.00	59	66.4	SL
F40L2VT5	L	40	2	V	T	5	F	166	105.6	55.8	109.9	85.5	114.1	-1.00	50	66.1	SL
F40L2VT6	L	40	2	V	T	6	F	150	105.1	57.4	114.6	84.6	109.6	-1.00	46	65.3	SL
F40L2VT7	L	40	2	V	T	7	F	180	115.1	60.5	110.9	92.3	119.6	-1.00	51	65.8	SL
F40L2VT8	L	40	2	V	T	8	F	168	102.0	54.3	105.2	78.0	122.3	-1.00	57	66.8	SL
F40L2VT9	L	40	2	V	T	9	F	55	98.8	52.6	114.2	71.4	115.8	-1.00	22	64.9	SL
F40L2VW1	L	40	2	V	W	1	F	22	119.8	64.3	110.1	102.0	116.6	-1.00	23	61.9	SL
F40L2VW2	L	40	2	V	W	2	F	56	129.0	65.6	113.9	102.8	124.6	-1.00	27	66.4	SL
F40L2VW3	L	40	2	V	W	3	F	54	120.2	62.4	107.0	104.1	118.1	-1.00	28	66.0	SL
F40L2VW4	L	40	2	V	W	4	F	58	108.0	58.9	111.7	87.9	113.2	-1.00	29	65.8	SL
F40L2VW5	L	40	2	V	W	5	F	48	109.0	55.1	112.6	84.0	118.2	-1.00	26	64.6	SL
F40L2VY1	L	40	2	V	Y	1	F	29	111.3	59.5	109.4	81.1	128.7	-1.00	24	64.9	SL
F40L2VY2	L	40	2	V	Y	2	F	34	151.8	79.0	113.3	131.0	125.7	-1.00	27	65.7	SL
F40L2VY3	L	40	2	V	Y	3	F	33	127.4	68.3	107.5	111.2	120.2	-1.00	24	65.7	SL
F40L2VY4	L	40	2	V	Y	4	F	33	141.8	76.6	108.2	123.8	125.5	-1.00	24	65.6	SL
F40L2VY5	L	40	2	V	Y	5	F	31	160.7	86.9	118.4	133.7	128.5	-1.00	25	66.0	SL
F40L2VY6	L	40	2	V	Y	6	F	22	152.5	79.1	121.7	107.9	142.1	-1.00	20	65.9	SL
F60E1FR1	E	60	1	F	R	1	F	192	100.3	53.2	107.3	88.2	105.5	-1.00	68	67.4	SL
F60E1FR21	E	60	1	F	R	21	F	45	85.1	45.3	118.8	78.5	82.2	-1.00	20	66.3	SL
F60E1FR210	E	60	1	F	R	210	F	99	107.9	54.9	114.6	96.7	100.7	-1.00	34	66.7	SL
F60E1FR211	E	60	1	F	R	211	F	51	111.6	59.5	106.2	100.1	110.8	-1.00	20	65.1	SL
F60E1FR212	E	60	1	F	R	212	F	58	105.3	56.4	111.2	90.3	107.0	-1.00	21	66.2	SL
F60E1FR213	E	60	1	F	R	213	F	63	93.8	48.1	120.1	74.7	98.4	-1.00	23	66.7	SL
F60E1FR214	E	60	1	F	R	214	F	56	103.6	57.2	120.1	78.2	109.4	-1.00	21	65.3	SL
F60E1FR215	E	60	1	F	R	215	F	53	80.9	43.9	108.5	66.1	98.0	-1.00	19	65.5	SL
F60E1FR216	E	60	1	F	R	216	F	67	101.6	54.4	114.0	91.8	97.3	-1.00	21	65.9	SL
F60E1FR22	E	60	1	F	R	22	F	55	96.9	51.2	111.9	81.7	102.9	-1.00	24	65.8	SL
F60E1FR23	E	60	1	F	R	23	F	42	113.4	55.6	118.6	92.5	109.2	-1.00	21	65.2	SL
F60E1FR24	E	60	1	F	R	24	F	49	106.6	56.9	118.4	81.7	111.5	-1.00	21	68.2	SL
F60E1FR25	E	60	1	F	R	25	F	53	85.7	43.1	98.7	69.5	112.1	-1.00	20	65.5	SL
F60E1FR26	E	60	1	F	R	26	F	48	105.4	57.6	115.4	82.4	111.8	-1.00	22	65.7	SL
F60E1FR27	E	60	1	F	R	27	F	33	105.0	55.1	130.2	82.8	97.3	-1.00	20	67.3	SL
F60E1FR28	E	60	1	F	R	28	F	55	105.4	57.4	114.2	84.5	110.6	-1.00	20	66.9	SL
F60E1FR29	E	60	1	F	R	29	F	53	97.8	51.1	112.9	88.8	95.7	-1.00	20	65.8	SL
F60E1FS1	E	60	1	F	S	1	F	71	111.4	59.7	108.0	101.5	107.2	-1.00	31	65.5	SL
F60E1FS10	E	60	1	F	S	10	F	68	109.0	58.2	112.6	95.3	105.7	-1.00	31	66.1	SL
F60E1FS11	E	60	1	F	S	11	F	71	118.7	63.3	111.7	106.2	109.0	-1.00	32	66.2	SL
F60E1FS12	E	60	1	F	S	12	F	79	111.2	60.7	113.7	92.2	111.2	-1.00	32	65.6	SL
F60E1FS13	E	60	1	F	S	13	F	72	95.8	51.5	113.5	93.5	87.5	-1.00	30	65.6	SL
F60E1FS14	E	60	1	F	S	14	F	92	102.9	52.8	94.8	104.1	105.7	-1.00	34	65.3	SL
F60E1FS15	E	60	1	F	S	15	F	79	106.6	54.6	105.2	102.7	101.8	-1.00	31	64.8	SL
F60E1FS16	E	60	1	F	S	16	F	69	110.9	59.0	104.0	109.3	102.7	-1.00	29	65.6	SL
F60E1FS17	E	60	1	F	S	17	F	60	112.3	59.5	113.3	98.4	106.4	-1.00	29	64.1	SL
F60E1FS2	E	60	1	F	S	2	F	61	117.3	61.7	115.6	115.6	94.4	-1.00	30	64.7	SL
F60E1FS3	E	60	1	F	S	3	F	74	121.2	62.1	110.3	108.7	111.3	-1.00	32	65.2	SL
F60E1FS4	E	60	1	F	S	4	F	68	147.3	76.5	119.1	129.7	115.4	-1.00	31	66.3	SL
F60E1FS5	E	60	1	F	S	5	F	75	102.4	53.5	108.8	91.7	103.4	-1.00	33	64.4	SL
F60E1FS6	E	60	1	F	S	6	F	75	114.4	58.4	109.2	109.3	102.5	-1.00	30	63.3	SL
F60E1FS7	E	60	1	F	S	7	F	73	110.7	59.8	105.8	99.4	110.6	-1.00	31	64.9	SL
F60E1FS8	E	60	1	F	S	8	F	51	108.3	58.9	114.0	98.6	100.0	-1.00	31	64.0	SL
F60E1FS9	E	60	1	F	S	9	F	55	111.6	58.6	101.8	94.1	122.0	-1.00	33	64.8	SL
F60E1FT1	E	60	1	F	T	1	F	146	105.7	55.8	111.9	92.5	104.4	-1.00	48	68.2	SL
F60E1FT10	E	60	1	F	T	10	F	198	119.8	63.9	106.7	113.8	108.0	-1.00	73	65.0	SL
F60E1FT11	E	60	1	F	T	11	F	76	114.4	64.2	112.3	103.1	105.6	-1.00	33	65.4	SL
F60E1FT2	E	60	1	F	T	2	F	152	124.3	64.4	117.2	111.7	105.7	-1.00	52	67.0	SL
F60E1FT3	E	60	1	F	T	3	F	36	110.1	55.4	121.4	91.8	102.6	-1.00	14	68.1	SL
F60E1FT4	E	60	1	F	T	4	F	130	123.1	64.3	116.8	105.7	110.5	-1.00	50	65.9	SL
F60E1FT5	E	60	1	F	T	5	F	31	107.2	57.1	129.0	95.4	88.5	-1.00	14	66.6	SL
F60E1FT6	E	60	1	F	T	6	F	131	132.9	68.8	120.7	119.1	106.3	-1.00	52	67.4	SL
F60E1FT7	E	60	1	F	T	7	F	68	127.9	68.6	120.7	102.2	116.8	-1.00	26	65.0	SL
F60E1FT8	E	60	1	F	T	8	F	44	126.6	67.7	115.6	110.8	111.2	-1.00	21	66.8	SL
F60E1FT9	E	60	1	F	T	9	F	62	97.7	50.2	95.6	106.4	94.7	-1.00	20	65.3	SL
F60E1FW1	E	60	1	F	W	1	F	37	115.1	59.0	101.7	104.9	115.4	-1.00	28	65.7	SL
F60E1FW2	E	60	1	F	W	2	F	35	99.0	51.3	108.8	102.1	88.2	-1.00	24	65.6	SL
F60E1FW3	E	60	1	F	W	3	F	28	103.3	55.6	106.6	104.4	94.1	-1.00	24	65.6	SL
F60E1FW4	E	60	1	F	W	4	F	38	95.6	47.6	107.2	96.4	90.1	-1.00	25	65.9	SL
F60E1FW5	E	60	1	F	W	5	F	29	103.4	54.7	109.3	100.2	95.7	-1.00	24	65.5	SL
F60E1FW6	E	60	1	F	W	6	F	31	104.0	54.5	91.9	107.5	106.9	-1.00	24	65.8	SL
F60E1FY1	E	60	1	F	Y	1	F	24	118.6	59.7	112.4	101.0	113.6	-1.00	24	65.5	SL
F60E1FY2	E	60	1	F	Y	2	F	24	115.3	59.1	106.7	101.2	114.5	-1.00	23	64.9	SL
F60E1FY3	E	60	1	F	Y	3	F	22	100.9	53.0	106.0	104.4	91.3	-1.00	23	65.2	SL
F60E1FY4	E	60	1	F	Y	4	F	22	78.9	40.0	84.5	92.4	89.6	-1.00	24	65.7	SL
F60E1FY5	E	60	1	F	Y	5	F	22	101.7	58.2	93.6	103.1	106.1	-1.00	22	64.8	SL
F60E1FY6	E	60	1	F	Y	6	F	22	95.8	46.4	105.5	83.0	106.0	-1.00	22	65.3	SL
F60E1VI1	E	60	1	V	I	1	F	62	85.7	44.4	114.1	71.4	94.7	-1.00	20	61.8	SL
F60E1VI10	E	60	1	V	I	10	F	109	90.7	48.2	100.3	90.6	94.9	-1.00	53	63.2	SL
F60E1VI11	E	60	1	V	I	11	F	111	90.4	46.5	109.9	85.3	90.9	-1.00	42	62.9	SL
F60E1VI12	E	60	1	V	I	12	F	158	93.9	50.2	97.9	89.6	103.4	-1.00	70	60.9	SL
F60E1VI13	E	60	1	V	I	13	F	174	101.6	53.7	111.9	94.1	96.9	-1.00	67	59.7	SL
F60E1VI14	E	60	1	V	I	14	F	191	100.3	52.5	110.4	89.6	101.0	-1.00	73	60.4	SL
F60E1VI15	E	60	1	V	I	15	F	136	90.4	48.7	115.3	70.7	101.9	-1.00	61	61.7	SL
F60E1VI2	E	60	1	V	I	2	F	92	84.6	45.2	122.6	68.5	88.9	-1.00	37	61.6	SL
F60E1VI3	E	60	1	V	I	3	F	114	98.8	51.6	126.4	81.6	92.9	-1.00	44	61.9	SL
F60E1VI4	E	60	1	V	I	4	F	112	90.4	46.4	102.7	82.0	101.2	-1.00	45	61.1	SL
F60E1VI5	E	60	1	V	I	5	F	153	96.0	49.8	105.8	91.6	96.8	-1.00	65	63.0	SL
F60E1VI6	E	60	1	V	I	6	F	196	86.2	43.6	105.8	84.3	89.0	-1.00	70	62.7	SL
F60E1VI7	E	60	1	V	I	7	F	147	82.4	41.4	93.2	87.8	91.4	-1.00	50	63.5	SL
F60E1VI8	E	60	1	V	I	8	F	149	85.3	43.9	95.7	83.5	98.2	-1.00	54	62.9	SL
F60E1VI9	E	60	1	V	I	9	F	146	94.6	49.0	107.2	80.3	105.5	-1.00	65	63.5	SL
F60E2VS1	E	60	2	V	S	1	F	94	103.1	54.7	112.8	69.6	126.5	-1.00	32	69.6	SL
F60E2VS10	E	60	2	V	S	10	F	82	121.0	65.4	124.7	96.0	110.2	-1.00	32	68.9	SL
F60E2VS11	E	60	2	V	S	11	F	79	116.8	65.2	121.2	90.8	113.3	-1.00	32	70.3	SL
F60E2VS12	E	60	2	V	S	12	F	41	105.1	56.6	123.7	76.8	109.8	-1.00	30	68.1	SL
F60E2VS13	E	60	2	V	S	13	F	62	109.7	59.2	121.9	83.5	110.7	-1.00	34	69.0	SL
F60E2VS14	E	60	2	V	S	14	F	78	112.2	59.6	116.0	87.9	115.2	-1.00	30	70.9	SL
F60E2VS15	E	60	2	V	S	15	F	87	123.3	65.8	121.4	89.6	123.7	-1.00	29	71.6	SL
F60E2VS16	E	60	2	V	S	16	F	95	123.2	65.8	124.9	89.2	120.7	-1.00	37	70.3	SL
F60E2VS17	E	60	2	V	S	17	F	79	110.4	59.3	132.3	84.1	101.6	-1.00	29	68.4	SL
F60E2VS18	E	60	2	V	S	18	F	104	102.1	53.9	122.2	83.6	99.2	-1.00	34	70.2	SL
F60E2VS19	E	60	2	V	S	19	F	101	118.2	62.3	117.2	94.1	115.6	-1.00	36	70.2	SL
F60E2VS2	E	60	2	V	S	2	F	69	104.0	55.2	112.0	83.2	112.2	-1.00	31	69.4	SL
F60E2VS20	E	60	2	V	S	20	F	85	125.7	67.8	121.0	99.7	116.2	-1.00	33	69.4	SL
F60E2VS21	E	60	2	V	S	21	F	99	114.1	59.9	121.8	93.1	106.5	-1.00	35	70.2	SL
F60E2VS22	E	60	2	V	S	22	F	88	120.0	62.5	119.6	96.7	112.9	-1.00	36	69.7	SL
F60E2VS23	E	60	2	V	S	23	F	84	106.9	55.7	118.7	90.0	102.5	-1.00	30	70.2	SL
F60E2VS24	E	60	2	V	S	24	F	76	107.2	57.6	111.9	91.3	107.8	-1.00	29	69.6	SL
F60E2VS25	E	60	2	V	S	25	F	71	117.2	63.5	123.1	86.3	117.1	-1.00	30	69.9	SL
F60E2VS3	E	60	2	V	S	3	F	76	116.6	64.6	112.0	97.9	114.4	-1.00	32	69.4	SL
F60E2VS4	E	60	2	V	S	4	F	84	104.7	56.0	109.2	81.7	117.8	-1.00	31	70.3	SL
F60E2VS5	E	60	2	V	S	5	F	86	95.5	51.6	112.0	75.7	107.5	-1.00	33	69.9	SL
F60E2VS6	E	60	2	V	S	6	F	89	109.1	58.5	114.1	84.4	116.4	-1.00	29	70.5	SL
F60E2VS7	E	60	2	V	S	7	F	121	102.6	55.1	126.9	64.1	118.5	-1.00	40	70.0	SL
F60E2VS8	E	60	2	V	S	8	F	108	115.4	61.4	115.3	88.9	119.4	-1.00	34	70.1	SL
F60E2VS9	E	60	2	V	S	9	F	102	110.1	58.6	118.4	94.6	102.5	-1.00	34	69.1	SL
F60E2VT1	E	60	2	V	T	1	F	56	83.7	44.8	111.4	63.0	103.7	-1.00	17	68.9	SL
F60E2VT10	E	60	2	V	T	10	F	139	98.9	52.8	111.7	79.6	108.5	-1.00	41	70.6	SL
F60E2VT11	E	60	2	V	T	11	F	115	110.7	58.4	111.5	94.1	110.6	-1.00	38	70.6	SL
F60E2VT12	E	60	2	V	T	12	F	172	118.1	63.2	107.4	97.8	121.5	-1.00	57	71.4	SL
F60E2VT13	E	60	2	V	T	13	F	159	127.2	67.6	119.9	100.1	118.9	-1.00	52	70.8	SL
F60E2VT14	E	60	2	V	T	14	F	163	113.7	61.0	117.0	91.8	111.9	-1.00	55	70.9	SL
F60E2VT15	E	60	2	V	T	15	F	144	94.6	52.1	113.4	76.5	103.7	-1.00	46	70.1	SL
F60E2VT2	E	60	2	V	T	2	F	94	92.2	50.1	121.1	62.0	110.1	-1.00	30	69.7	SL
F60E2VT3	E	60	2	V	T	3	F	108	106.2	56.8	113.7	85.8	110.8	-1.00	33	69.7	SL
F60E2VT4	E	60	2	V	T	4	F	88	103.6	54.2	105.8	92.6	107.2	-1.00	32	69.9	SL
F60E2VT5	E	60	2	V	T	5	F	143	106.4	57.7	114.7	88.4	107.2	-1.00	46	69.3	SL
F60E2VT6	E	60	2	V	T	6	F	174	98.9	52.6	105.6	88.2	105.1	-1.00	50	70.4	SL
F60E2VT7	E	60	2	V	T	7	F	146	100.4	51.7	108.5	83.3	109.9	-1.00	42	70.4	SL
F60E2VT8	E	60	2	V	T	8	F	132	103.4	54.2	107.3	85.7	113.0	-1.00	40	70.3	SL
F60E2VT9	E	60	2	V	T	9	F	154	99.8	52.5	114.6	73.4	114.6	-1.00	50	70.5	SL
F60E2VW1	E	60	2	V	W	1	F	39	128.0	66.7	130.8	107.2	102.4	-1.00	22	69.5	SL
F60E2VW2	E	60	2	V	W	2	F	37	158.6	85.4	136.9	112.9	128.6	-1.00	21	69.4	SL
F60E2VW3	E	60	2	V	W	3	F	30	110.9	61.7	126.6	93.0	97.9	-1.00	20	68.3	SL
F60E2VW4	E	60	2	V	W	4	F	43	128.3	69.7	116.3	101.7	122.3	-1.00	27	70.1	SL
F60E2VW5	E	60	2	V	W	5	F	52	123.3	66.7	111.5	114.8	107.0	-1.00	24	69.7	SL
F60E2VW6	E	60	2	V	W	6	F	40	111.7	58.1	110.5	102.7	104.0	-1.00	22	69.7	SL
F60E2VW7	E	60	2	V	W	7	F	40	145.2	79.2	131.7	112.0	118.2	-1.00	22	69.7	SL
F60E2VW8	E	60	2	V	W	8	F	37	123.8	68.6	133.8	87.4	115.0	-1.00	21	69.5	SL
F60E2VY1	E	60	2	V	Y	1	F	21	121.0	65.2	123.8	101.4	105.5	-1.00	21	67.2	SL
F60E2VY10	E	60	2	V	Y	10	F	22	128.0	73.4	114.3	134.6	92.5	-1.00	22	67.5	SL
F60E2VY2	E	60	2	V	Y	2	F	20	145.3	77.4	129.4	126.0	106.8	-1.00	20	68.6	SL
F60E2VY3	E	60	2	V	Y	3	F	21	124.9	72.3	113.3	122.5	100.0	-1.00	21	68.3	SL
F60E2VY4	E	60	2	V	Y	4	F	24	94.1	45.8	123.8	85.3	84.5	-1.00	23	66.1	SL
F60E2VY5	E	60	2	V	Y	5	F	21	124.4	69.2	105.2	129.2	101.2	-1.00	21	66.7	SL
F60E2VY6	E	60	2	V	Y	6	F	22	128.6	68.4	104.8	139.8	97.8	-1.00	20	66.9	SL
F60E2VY7	E	60	2	V	Y	7	F	20	119.1	63.7	111.0	107.4	109.0	-1.00	22	67.2	SL
F60E2VY8	E	60	2	V	Y	8	F	20	149.5	77.6	128.7	123.0	115.4	-1.00	22	67.2	SL
F60E2VY9	E	60	2	V	Y	9	F	22	150.5	78.1	138.4	128.1	102.9	-1.00	20	66.3	SL
M15R1FR1	R	15	1	F	R	1	M	128	57.8	30.6	72.3	57.9	101.2	-1.00	56	62.4	SL
M15R1FR21	R	15	1	F	R	21	M	47	70.4	38.4	92.7	56.4	106.5	-1.00	23	61.6	SL
M15R1FR22	R	15	1	F	R	22	M	58	69.0	36.8	82.8	58.0	113.0	-1.00	28	62.8	SL
M15R1FR23	R	15	1	F	R	23	M	67	69.5	38.6	86.6	58.7	108.6	-1.00	32	62.9	SL
M15R1FR24	R	15	1	F	R	24	M	74	56.6	31.7	66.6	59.8	102.7	-1.00	26	62.5	SL
M15R1FR25	R	15	1	F	R	25	M	71	59.9	32.8	71.6	58.9	105.5	-1.00	26	62.3	SL
M15R1FR26	R	15	1	F	R	26	M	77	60.4	33.9	76.2	52.1	110.4	-1.00	30	63.0	SL
M15R1FS1	R	15	1	F	S	1	M	55	71.6	37.4	98.6	47.4	115.1	-1.00	30	62.4	SL
M15R1FS10	R	15	1	F	S	10	M	63	78.5	40.9	86.4	68.9	113.2	-1.00	32	61.7	SL
M15R1FS11	R	15	1	F	S	11	M	70	63.0	33.1	83.4	55.5	102.8	-1.00	29	61.5	SL
M15R1FS2	R	15	1	F	S	2	M	71	81.3	43.3	97.0	54.1	126.7	-1.00	30	62.5	SL
M15R1FS3	R	15	1	F	S	3	M	68	66.5	35.5	90.5	57.9	99.1	-1.00	32	61.6	SL
M15R1FS4	R	15	1	F	S	4	M	63	70.3	39.2	102.3	48.3	107.2	-1.00	32	61.8	SL
M15R1FS5	R	15	1	F	S	5	M	88	73.1	38.9	88.7	60.1	111.6	-1.00	33	61.9	SL
M15R1FS6	R	15	1	F	S	6	M	58	75.5	40.6	100.8	56.8	107.4	-1.00	32	60.7	SL
M15R1FS7	R	15	1	F	S	7	M	63	70.3	37.2	87.6	55.8	112.9	-1.00	31	60.4	SL
M15R1FS8	R	15	1	F	S	8	M	64	67.7	36.9	97.2	49.4	106.0	-1.00	32	60.8	SL
M15R1FS9	R	15	1	F	S	9	M	64	70.9	36.6	82.1	61.3	113.2	-1.00	30	61.3	SL
M15R1FT1	R	15	1	F	T	1	M	95	74.5	39.6	93.3	59.4	109.9	-1.00	42	62.9	SL
M15R1FT10	R	15	1	F	T	10	M	141	64.7	35.5	81.1	55.4	109.3	-1.00	59	61.2	SL
M15R1FT11	R	15	1	F	T	11	M	57	64.1	33.5	90.5	49.1	105.9	-1.00	27	59.7	SL
M15R1FT2	R	15	1	F	T	2	M	114	69.4	36.8	90.1	58.0	105.3	-1.00	48	62.9	SL
M15R1FT3	R	15	1	F	T	3	M	27	72.0	37.8	96.6	52.6	110.7	-1.00	16	60.7	SL
M15R1FT4	R	15	1	F	T	4	M	106	72.2	38.9	86.6	58.2	114.8	-1.00	47	61.4	SL
M15R1FT5	R	15	1	F	T	5	M	27	68.3	38.7	94.2	53.6	104.4	-1.00	12	61.2	SL
M15R1FT6	R	15	1	F	T	6	M	99	72.8	37.7	94.2	63.4	100.6	-1.00	44	61.9	SL
M15R1FT7	R	15	1	F	T	7	M	47	70.4	38.0	92.8	53.7	110.0	-1.00	22	60.8	SL
M15R1FT8	R	15	1	F	T	8	M	40	59.8	33.5	72.4	56.1	108.0	-1.00	16	61.4	SL
M15R1FT9	R	15	1	F	T	9	M	41	66.3	36.8	85.0	61.0	100.6	-1.00	19	60.6	SL
M15R1FW1	R	15	1	F	W	1	M	35	54.8	29.8	79.1	41.6	109.0	-1.00	22	60.2	SL
M15R1FW2	R	15	1	F	W	2	M	43	60.9	31.3	67.3	64.4	106.0	-1.00	20	61.8	SL
M15R1FW3	R	15	1	F	W	3	M	45	72.3	38.7	95.5	63.1	98.8	-1.00	25	59.0	SL
M15R1FW4	R	15	1	F	W	4	M	42	61.3	32.4	77.2	55.0	107.0	-1.00	23	60.2	SL
M15R1FY1	R	15	1	F	Y	1	M	22	74.2	45.2	70.3	72.4	120.3	-1.00	20	60.4	SL
M15R1FY2	R	15	1	F	Y	2	M	31	78.0	39.6	71.0	79.4	118.1	-1.00	21	61.1	SL
M15R1FY3	R	15	1	F	Y	3	M	31	89.5	47.3	97.6	74.5	113.7	-1.00	21	62.2	SL
M15R1FY4	R	15	1	F	Y	4	M	32	62.6	33.6	83.2	57.2	99.8	-1.00	23	60.3	SL
M15R1VI1	R	15	1	V	I	1	M	18	59.1	33.5	68.6	61.0	104.6	-1.00	13	57.3	SL
M15R1VI10	R	15	1	V	I	10	M	30	52.6	27.4	75.4	62.5	80.4	-1.00	20	54.3	SL
M15R1VI11	R	15	1	V	I	11	M	34	58.1	32.5	76.2	74.7	77.8	-1.00	24	55.7	SL
M15R1VI12	R	15	1	V	I	12	M	56	63.1	35.1	82.0	65.6	91.7	-1.00	30	58.4	SL
M15R1VI13	R	15	1	V	I	13	M	51	57.4	30.5	81.0	60.6	87.1	-1.00	32	55.3	SL
M15R1VI14	R	15	1	V	I	14	M	26	74.8	38.9	88.4	73.4	98.7	-1.00	14	59.0	SL
M15R1VI15	R	15	1	V	I	15	M	45	59.6	32.3	74.4	68.3	89.7	-1.00	25	56.7	SL
M15R1VI16	R	15	1	V	I	16	M	37	55.3	29.3	72.7	56.4	96.7	-1.00	19	55.3	SL
M15R1VI17	R	15	1	V	I	17	M	14	60.0	31.9	100.5	47.8	89.2	-1.00	11	52.2	SL
M15R1VI18	R	15	1	V	I	18	M	14	72.3	38.5	91.6	78.4	85.4	-1.00	13	51.0	SL
M15R1VI2	R	15	1	V	I	2	M	20	74.2	41.3	76.5	103.2	80.0	-1.00	12	58.0	SL
M15R1VI3	R	15	1	V	I	3	M	65	53.9	29.4	66.5	71.2	83.1	-1.00	36	56.4	SL
M15R1VI4	R	15	1	V	I	4	M	38	51.4	27.2	65.3	68.1	82.3	-1.00	18	56.0	SL
M15R1VI5	R	15	1	V	I	5	M	29	61.7	31.1	67.2	84.4	84.6	-1.00	20	55.9	SL
M15R1VI6	R	15	1	V	I	6	M	32	71.6	39.7	72.9	93.4	88.3	-1.00	18	56.5	SL
M15R1VI7	R	15	1	V	I	7	M	41	62.1	33.0	71.6	73.3	92.3	-1.00	25	56.4	SL
M15R1VI8	R	15	1	V	I	8	M	26	50.4	28.2	82.5	72.5	58.9	-1.00	14	54.3	SL
M15R1VI9	R	15	1	V	I	9	M	23	49.9	27.4	66.8	63.9	81.7	-1.00	15	53.9	SL
M15R2VS1	R	15	2	V	S	1	M	74	48.5	26.2	66.8	52.6	92.5	-1.00	30	61.2	SL
M15R2VS2	R	15	2	V	S	2	M	70	56.9	30.1	72.7	60.8	94.8	-1.00	31	60.7	SL
M15R2VS3	R	15	2	V	S	3	M	70	54.5	29.0	73.3	63.7	85.2	-1.00	30	60.5	SL
M15R2VS4	R	15	2	V	S	4	M	66	62.7	33.4	80.6	69.2	88.4	-1.00	31	61.0	SL
M15R2VS5	R	15	2	V	S	5	M	69	48.9	26.0	63.3	53.9	95.9	-1.00	29	61.1	SL
M15R2VS6	R	15	2	V	S	6	M	81	57.5	30.2	77.8	57.6	94.2	-1.00	32	62.2	SL
M15R2VS7	R	15	2	V	S	7	M	61	55.2	30.3	62.8	69.8	91.7	-1.00	31	59.8	SL
M15R2VT1	R	15	2	V	T	1	M	21	85.6	46.9	99.9	54.7	130.7	-1.00	10	65.0	SL
M15R2VT10	R	15	2	V	T	10	M	30	46.8	24.2	70.7	45.2	93.4	-1.00	13	62.1	SL
M15R2VT11	R	15	2	V	T	11	M	41	58.1	31.2	82.9	49.1	101.2	-1.00	16	64.7	SL
M15R2VT12	R	15	2	V	T	12	M	55	62.1	33.0	80.3	53.7	106.8	-1.00	18	63.4	SL
M15R2VT13	R	15	2	V	T	13	M	52	57.6	30.9	75.5	52.6	103.9	-1.00	20	64.3	SL
M15R2VT14	R	15	2	V	T	14	M	23	72.9	41.4	79.4	73.5	104.8	-1.00	12	63.5	SL
M15R2VT15	R	15	2	V	T	15	M	48	57.1	30.5	72.7	50.0	110.1	-1.00	19	64.3	SL
M15R2VT16	R	15	2	V	T	16	M	40	60.6	32.5	69.3	60.2	108.0	-1.00	17	63.8	SL
M15R2VT17	R	15	2	V	T	17	M	19	49.7	27.0	64.9	49.6	102.0	-1.00	8	61.7	SL
M15R2VT18	R	15	2	V	T	18	M	13	55.9	29.0	65.3	51.6	114.7	-1.00	9	63.1	SL
M15R2VT2	R	15	2	V	T	2	M	21	80.7	43.6	95.1	65.1	112.5	-1.00	10	67.0	SL
M15R2VT3	R	15	2	V	T	3	M	66	64.7	33.5	80.5	55.3	110.0	-1.00	23	66.0	SL
M15R2VT4	R	15	2	V	T	4	M	40	52.1	28.2	80.2	46.1	94.6	-1.00	16	63.2	SL
M15R2VT5	R	15	2	V	T	5	M	31	50.4	27.8	79.1	46.0	91.8	-1.00	12	63.1	SL
M15R2VT6	R	15	2	V	T	6	M	32	61.4	33.7	80.0	55.7	102.9	-1.00	12	63.3	SL
M15R2VT7	R	15	2	V	T	7	M	39	61.8	32.3	77.4	61.2	99.5	-1.00	14	64.8	SL
M15R2VT8	R	15	2	V	T	8	M	29	49.4	27.8	93.0	40.7	82.6	-1.00	11	63.1	SL
M15R2VT9	R	15	2	V	T	9	M	17	58.4	28.2	74.6	60.6	96.2	-1.00	8	62.4	SL
M15R2VW1	R	15	2	V	W	1	M	43	50.6	28.0	66.3	52.0	99.0	-1.00	25	59.7	SL
M15R2VW2	R	15	2	V	W	2	M	39	62.5	34.8	75.0	56.1	111.0	-1.00	23	60.9	SL
M15R2VW3	R	15	2	V	W	3	M	40	85.7	44.6	103.9	67.3	109.4	-1.00	22	59.2	SL
M15R2VW4	R	15	2	V	W	4	M	47	63.5	32.9	79.5	55.3	108.6	-1.00	26	58.6	SL
M15R2VY1	R	15	2	V	Y	1	M	25	79.8	44.2	101.4	60.3	110.3	-1.00	21	58.7	SL
M15R2VY2	R	15	2	V	Y	2	M	30	75.9	38.4	85.7	73.8	103.2	-1.00	23	57.5	SL
M15R2VY3	R	15	2	V	Y	3	M	32	83.5	44.8	87.8	81.6	105.5	-1.00	21	59.2	SL
M15R2VY4	R	15	2	V	Y	4	M	30	70.0	37.8	81.9	77.1	92.3	-1.00	22	58.7	SL
M15R2VY5	R	15	2	V	Y	5	M	30	73.5	40.2	87.1	72.2	98.9	-1.00	24	59.0	SL
M40K1FR1	K	40	1	F	R	1	M	69	83.5	46.3	90.5	94.1	89.6	-1.00	40	70.3	SL
M40K1FR21	K	40	1	F	R	21	M	34	85.9	46.2	93.8	87.5	96.9	-1.00	20	71.2	SL
M40K1FR22	K	40	1	F	R	22	M	41	84.0	45.5	95.9	89.4	89.8	-1.00	22	69.5	SL
M40K1FR23	K	40	1	F	R	23	M	49	79.8	43.8	94.7	78.0	95.8	-1.00	26	69.6	SL
M40K1FR24	K	40	1	F	R	24	M	46	80.2	43.7	103.3	85.9	80.3	-1.00	21	67.2	SL
M40K1FS1	K	40	1	F	S	1	M	49	91.2	48.3	89.2	98.3	99.2	-1.00	30	66.9	SL
M40K1FS10	K	40	1	F	S	10	M	77	82.9	44.6	87.0	85.4	101.1	-1.00	32	67.5	SL
M40K1FS11	K	40	1	F	S	11	M	68	81.3	44.7	83.6	98.2	88.9	-1.00	31	67.3	SL
M40K1FS12	K	40	1	F	S	12	M	68	85.3	45.8	96.0	86.5	94.7	-1.00	32	67.5	SL
M40K1FS13	K	40	1	F	S	13	M	58	84.5	47.6	96.2	86.5	93.2	-1.00	30	66.7	SL
M40K1FS2	K	40	1	F	S	2	M	73	81.9	43.7	92.5	80.7	98.8	-1.00	32	69.2	SL
M40K1FS3	K	40	1	F	S	3	M	86	77.6	42.5	93.7	79.0	91.9	-1.00	34	69.2	SL
M40K1FS4	K	40	1	F	S	4	M	68	80.8	42.6	91.8	86.1	91.8	-1.00	30	67.5	SL
M40K1FS5	K	40	1	F	S	5	M	70	79.9	44.4	88.3	85.0	95.0	-1.00	33	67.0	SL
M40K1FS6	K	40	1	F	S	6	M	74	83.1	47.4	92.5	87.3	93.7	-1.00	31	66.8	SL
M40K1FS7	K	40	1	F	S	7	M	67	81.6	45.2	91.7	90.2	89.1	-1.00	30	67.3	SL
M40K1FS8	K	40	1	F	S	8	M	33	77.4	40.4	86.8	80.2	97.4	-1.00	31	64.3	SL
M40K1FS9	K	40	1	F	S	9	M	76	85.6	45.6	94.7	88.1	94.8	-1.00	34	67.7	SL
M40K1FT1	K	40	1	F	T	1	M	119	74.9	40.6	82.1	77.1	101.3	-1.00	47	70.8	SL
M40K1FT10	K	40	1	F	T	10	M	153	80.5	43.8	97.4	80.5	91.6	-1.00	63	69.4	SL
M40K1FT11	K	40	1	F	T	11	M	74	89.9	49.6	101.6	83.9	99.4	-1.00	29	68.5	SL
M40K1FT2	K	40	1	F	T	2	M	131	75.7	40.2	89.2	78.9	93.2	-1.00	48	70.1	SL
M40K1FT3	K	40	1	F	T	3	M	30	63.8	34.1	72.5	71.7	96.7	-1.00	15	69.8	SL
M40K1FT4	K	40	1	F	T	4	M	116	70.6	38.9	87.8	77.5	87.0	-1.00	48	68.7	SL
M40K1FT5	K	40	1	F	T	5	M	28	72.8	42.1	97.7	81.4	77.5	-1.00	12	71.1	SL
M40K1FT6	K	40	1	F	T	6	M	117	84.1	45.0	95.5	89.6	90.1	-1.00	48	70.4	SL
M40K1FT7	K	40	1	F	T	7	M	55	70.9	39.7	84.9	76.6	91.5	-1.00	23	69.8	SL
M40K1FT8	K	40	1	F	T	8	M	39	84.7	46.2	99.7	79.4	97.6	-1.00	17	69.5	SL
M40K1FT9	K	40	1	F	T	9	M	50	76.7	40.2	84.9	78.7	99.8	-1.00	18	69.6	SL
M40K1FW1	K	40	1	F	W	1	M	10	95.9	49.1	108.1	98.7	87.4	-1.00	20	63.1	SL
M40K1FW2	K	40	1	F	W	2	M	24	92.8	51.1	95.6	87.6	106.2	-1.00	23	68.5	SL
M40K1FW3	K	40	1	F	W	3	M	41	75.5	41.4	93.6	75.1	92.6	-1.00	31	68.9	SL
M40K1FW4	K	40	1	F	W	4	M	30	74.0	40.0	79.9	85.6	92.9	-1.00	23	69.2	SL
M40K1FW5	K	40	1	F	W	5	M	30	83.1	44.8	76.5	95.0	102.9	-1.00	24	68.9	SL
M40K1FW6	K	40	1	F	W	6	M	27	79.4	44.5	93.6	85.7	88.2	-1.00	22	68.4	SL
M40K1FW7	K	40	1	F	W	7	M	24	80.5	43.7	89.6	79.1	101.0	-1.00	20	67.8	SL
M40K1FY1	K	40	1	F	Y	1	M	17	127.5	65.6	105.2	110.1	123.8	-1.00	25	68.9	SL
M40K1FY2	K	40	1	F	Y	2	M	25	97.6	51.6	93.6	95.6	107.4	-1.00	26	68.6	SL
M40K1FY3	K	40	1	F	Y	3	M	21	90.3	47.3	92.1	100.1	93.0	-1.00	21	67.4	SL
M40K1FY4	K	40	1	F	Y	4	M	22	91.8	47.4	88.1	100.1	99.5	-1.00	21	65.8	SL
M40K1FY5	K	40	1	F	Y	5	M	21	100.8	51.1	86.5	105.4	110.1	-1.00	19	66.8	SL
M40K1FY6	K	40	1	F	Y	6	M	19	61.5	37.0	86.0	84.2	65.8	-1.00	21	66.8	SL
M40K1VI1	K	40	1	V	I	1	M	85	72.2	38.7	85.3	78.4	91.4	-1.00	55	63.3	SL
M40K1VI10	K	40	1	V	I	10	M	60	78.4	42.5	100.9	72.9	92.9	-1.00	49	69.2	SL
M40K1VI11	K	40	1	V	I	11	M	114	79.5	42.6	97.6	75.9	94.7	-1.00	61	62.7	SL
M40K1VI12	K	40	1	V	I	12	M	68	76.1	39.6	93.8	77.5	90.7	-1.00	49	63.2	SL
M40K1VI2	K	40	1	V	I	2	M	78	78.7	42.0	106.7	76.0	84.7	-1.00	44	62.5	SL
M40K1VI3	K	40	1	V	I	3	M	104	79.3	42.2	97.2	75.4	95.4	-1.00	72	60.9	SL
M40K1VI4	K	40	1	V	I	4	M	69	77.9	40.9	101.3	80.4	83.8	-1.00	47	61.3	SL
M40K1VI5	K	40	1	V	I	5	M	51	83.4	44.8	90.4	78.0	106.7	-1.00	23	64.8	SL
M40K1VI6	K	40	1	V	I	6	M	33	72.9	38.5	107.3	68.6	82.6	-1.00	20	61.6	SL
M40K1VI7	K	40	1	V	I	7	M	66	87.7	46.3	99.9	78.6	103.4	-1.00	36	64.1	SL
M40K1VI8	K	40	1	V	I	8	M	60	96.9	52.5	112.4	81.9	102.3	-1.00	31	63.8	SL
M40K1VI9	K	40	1	V	I	9	M	28	101.7	55.8	105.7	83.3	114.8	-1.00	25	57.4	SL
M40K2VS1	K	40	2	V	S	1	M	48	76.5	41.1	107.7	69.5	87.4	-1.00	32	69.0	SL
M40K2VS10	K	40	2	V	S	10	M	98	82.1	46.1	98.0	73.2	101.9	-1.00	41	70.7	SL
M40K2VS11	K	40	2	V	S	11	M	69	86.7	47.8	113.0	66.2	103.3	-1.00	32	69.6	SL
M40K2VS2	K	40	2	V	S	2	M	84	89.4	49.1	104.5	77.9	102.4	-1.00	37	69.9	SL
M40K2VS3	K	40	2	V	S	3	M	79	75.3	41.8	94.9	73.6	92.5	-1.00	30	70.8	SL
M40K2VS4	K	40	2	V	S	4	M	83	79.8	42.5	103.1	76.2	89.8	-1.00	31	71.4	SL
M40K2VS5	K	40	2	V	S	5	M	62	80.0	42.1	108.7	66.4	95.8	-1.00	29	69.8	SL
M40K2VS6	K	40	2	V	S	6	M	62	78.5	43.9	108.9	70.0	89.1	-1.00	29	69.9	SL
M40K2VS7	K	40	2	V	S	7	M	74	82.3	44.4	95.9	71.8	106.2	-1.00	32	70.2	SL
M40K2VS8	K	40	2	V	S	8	M	72	74.1	40.8	105.7	55.4	101.6	-1.00	30	70.2	SL
M40K2VS9	K	40	2	V	S	9	M	84	76.6	40.6	104.0	73.1	86.7	-1.00	35	70.6	SL
M40K2VT1	K	40	2	V	T	1	M	105	85.7	46.4	88.2	89.0	100.7	-1.00	37	71.8	SL
M40K2VT10	K	40	2	V	T	10	M	95	73.4	40.7	100.3	63.8	95.3	-1.00	35	71.5	SL
M40K2VT11	K	40	2	V	T	11	M	105	85.4	46.3	104.1	80.1	93.9	-1.00	40	71.0	SL
M40K2VT12	K	40	2	V	T	12	M	71	84.0	45.4	106.1	75.4	94.9	-1.00	29	69.7	SL
M40K2VT2	K	40	2	V	T	2	M	87	82.5	44.2	105.5	72.4	96.1	-1.00	30	71.5	SL
M40K2VT3	K	40	2	V	T	3	M	89	78.4	42.5	102.5	71.0	93.6	-1.00	34	72.2	SL
M40K2VT4	K	40	2	V	T	4	M	71	69.7	37.7	100.6	64.2	87.7	-1.00	29	69.6	SL
M40K2VT5	K	40	2	V	T	5	M	52	92.9	50.2	102.9	77.3	110.6	-1.00	21	70.6	SL
M40K2VT6	K	40	2	V	T	6	M	33	69.6	36.6	97.7	68.8	85.1	-1.00	11	72.5	SL
M40K2VT7	K	40	2	V	T	7	M	74	75.4	40.1	92.2	73.7	95.4	-1.00	25	72.2	SL
M40K2VT8	K	40	2	V	T	8	M	61	75.9	41.2	97.9	65.8	99.7	-1.00	21	71.7	SL
M40K2VT9	K	40	2	V	T	9	M	33	80.1	44.0	97.7	72.0	100.2	-1.00	18	72.1	SL
M40K2VW1	K	40	2	V	W	1	M	31	94.4	51.1	102.7	90.3	98.6	-1.00	31	68.8	SL
M40K2VW2	K	40	2	V	W	2	M	32	90.7	50.1	106.1	82.2	98.2	-1.00	27	69.7	SL
M40K2VW3	K	40	2	V	W	3	M	24	96.6	48.6	111.5	87.8	96.4	-1.00	24	69.0	SL
M40K2VW4	K	40	2	V	W	4	M	29	78.9	43.1	90.7	66.5	112.3	-1.00	27	69.2	SL
M40K2VW5	K	40	2	V	W	5	M	40	100.4	53.8	108.7	106.9	85.8	-1.00	30	69.5	SL
M40K2VW6	K	40	2	V	W	6	M	31	116.9	63.5	133.0	94.9	98.5	-1.00	24	68.6	SL
M40K2VY1	K	40	2	V	Y	1	M	10	112.2	62.6	133.7	97.2	89.5	-1.00	21	65.5	SL
M40K2VY2	K	40	2	V	Y	2	M	20	143.5	73.1	120.3	117.7	121.3	-1.00	22	67.8	SL
M40K2VY3	K	40	2	V	Y	3	M	21	122.6	66.0	130.2	90.7	113.1	-1.00	21	67.7	SL
M40K2VY4	K	40	2	V	Y	4	M	20	118.1	68.7	128.0	101.4	97.8	-1.00	20	66.5	SL
M40K2VY5	K	40	2	V	Y	5	M	20	126.6	67.6	125.1	106.9	106.0	-1.00	20	67.4	SL
M40K2VY6	K	40	2	V	Y	6	M	20	120.7	65.5	115.7	98.2	116.3	-1.00	20	66.3	SL
M40K2VY7	K	40	2	V	Y	7	M	19	121.9	68.3	129.6	104.1	98.7	-1.00	20	66.3	SL
M40K2VY8	K	40	2	V	Y	8	M	26	127.0	70.1	123.3	103.4	111.8	-1.00	26	64.6	SL
M56H1FR1	H	56	1	F	R	1	M	132	77.3	42.7	97.8	76.3	90.3	-1.00	51	66.4	SL
M56H1FR21	H	56	1	F	R	21	M	41	79.3	44.9	94.2	92.0	81.3	-1.00	31	67.4	SL
M56H1FR210	H	56	1	F	R	210	M	74	83.2	43.6	92.6	98.3	83.2	-1.00	25	67.4	SL
M56H1FR211	H	56	1	F	R	211	M	91	101.0	55.3	119.4	87.2	96.2	-1.00	34	66.8	SL
M56H1FR212	H	56	1	F	R	212	M	67	80.3	44.1	94.9	96.2	78.3	-1.00	25	65.7	SL
M56H1FR22	H	56	1	F	R	22	M	60	91.9	50.7	96.6	96.1	94.8	-1.00	25	65.1	SL
M56H1FR23	H	56	1	F	R	23	M	47	92.6	55.6	107.1	93.7	88.4	-1.00	21	66.7	SL
M56H1FR24	H	56	1	F	R	24	M	54	79.7	42.5	90.7	93.7	83.6	-1.00	22	64.5	SL
M56H1FR25	H	56	1	F	R	25	M	52	89.3	47.4	96.4	103.1	84.5	-1.00	20	65.2	SL
M56H1FR26	H	56	1	F	R	26	M	64	100.8	53.7	107.1	112.7	82.6	-1.00	29	67.0	SL
M56H1FR27	H	56	1	F	R	27	M	73	79.6	42.2	99.0	89.7	79.4	-1.00	27	67.4	SL
M56H1FR28	H	56	1	F	R	28	M	74	84.4	45.8	107.7	88.8	80.2	-1.00	28	65.8	SL
M56H1FR29	H	56	1	F	R	29	M	52	73.1	39.2	88.3	83.5	84.8	-1.00	20	66.9	SL
M56H1FS1	H	56	1	F	S	1	M	67	88.9	47.3	111.6	81.0	91.5	-1.00	31	65.8	SL
M56H1FS10	H	56	1	F	S	10	M	59	80.7	44.1	91.5	79.0	99.6	-1.00	31	67.3	SL
M56H1FS11	H	56	1	F	S	11	M	76	69.0	36.3	85.2	71.1	93.6	-1.00	31	66.1	SL
M56H1FS12	H	56	1	F	S	12	M	72	83.8	44.9	99.8	78.5	97.0	-1.00	33	66.0	SL
M56H1FS13	H	56	1	F	S	13	M	85	82.0	44.9	100.4	86.0	85.7	-1.00	35	67.1	SL
M56H1FS14	H	56	1	F	S	14	M	75	76.9	41.5	94.7	76.2	92.7	-1.00	30	66.5	SL
M56H1FS15	H	56	1	F	S	15	M	78	73.5	39.4	90.2	76.8	90.6	-1.00	33	66.4	SL
M56H1FS16	H	56	1	F	S	16	M	82	75.5	40.2	90.6	74.5	96.3	-1.00	32	67.9	SL
M56H1FS17	H	56	1	F	S	17	M	69	72.3	38.9	89.6	67.9	99.1	-1.00	32	66.4	SL
M56H1FS2	H	56	1	F	S	2	M	91	81.5	44.3	99.9	77.1	94.6	-1.00	38	66.8	SL
M56H1FS3	H	56	1	F	S	3	M	78	76.8	41.2	96.1	78.1	89.2	-1.00	33	67.2	SL
M56H1FS4	H	56	1	F	S	4	M	69	80.4	44.4	100.7	75.6	93.6	-1.00	33	65.5	SL
M56H1FS5	H	56	1	F	S	5	M	80	82.8	44.8	104.5	87.2	82.1	-1.00	31	66.9	SL
M56H1FS6	H	56	1	F	S	6	M	66	85.6	45.9	103.3	82.5	92.4	-1.00	29	67.2	SL
M56H1FS7	H	56	1	F	S	7	M	71	75.0	39.6	110.4	71.2	80.6	-1.00	31	65.8	SL
M56H1FS8	H	56	1	F	S	8	M	64	78.6	43.4	114.1	64.4	91.0	-1.00	30	66.2	SL
M56H1FS9	H	56	1	F	S	9	M	68	73.5	40.5	94.1	78.9	84.4	-1.00	37	65.7	SL
M56H1FT1	H	56	1	F	T	1	M	141	75.2	40.2	96.8	73.5	90.8	-1.00	48	66.9	SL
M56H1FT10	H	56	1	F	T	10	M	206	80.2	43.0	94.3	81.8	92.9	-1.00	72	67.3	SL
M56H1FT11	H	56	1	F	T	11	M	93	78.2	41.4	99.7	71.6	95.3	-1.00	32	66.4	SL
M56H1FT2	H	56	1	F	T	2	M	151	76.9	40.5	96.8	77.5	89.4	-1.00	50	66.7	SL
M56H1FT3	H	56	1	F	T	3	M	46	82.9	44.9	106.8	76.4	91.2	-1.00	16	67.3	SL
M56H1FT3-1	H	56	1	F	T	3-1	M	52	85.8	47.4	109.8	76.8	92.7	-1.00	18	67.8	SL
M56H1FT4	H	56	1	F	T	4	M	155	72.7	38.7	93.3	75.7	87.3	-1.00	51	66.7	SL
M56H1FT5	H	56	1	F	T	5	M	39	71.5	38.9	113.7	63.4	80.4	-1.00	17	66.4	SL
M56H1FT6	H	56	1	F	T	6	M	141	92.0	49.1	108.0	87.0	93.5	-1.00	51	67.6	SL
M56H1FT7	H	56	1	F	T	7	M	67	83.4	44.2	109.5	70.2	96.4	-1.00	26	66.5	SL
M56H1FT8	H	56	1	F	T	8	M	49	86.8	46.6	98.4	82.6	99.0	-1.00	20	66.1	SL
M56H1FT9	H	56	1	F	T	9	M	56	78.6	43.1	92.2	81.6	92.3	-1.00	23	66.1	SL
M56H1FW1	H	56	1	F	W	1	M	43	98.0	53.4	105.4	87.4	104.7	-1.00	25	66.2	SL
M56H1FW2	H	56	1	F	W	2	M	36	91.3	49.4	94.5	97.3	94.9	-1.00	24	67.3	SL
M56H1FW3	H	56	1	F	W	3	M	29	90.0	48.5	105.5	77.9	102.4	-1.00	20	66.9	SL
M56H1FW4	H	56	1	F	W	4	M	30	84.5	47.6	106.8	69.6	101.5	-1.00	20	66.7	SL
M56H1FW5	H	56	1	F	W	5	M	35	87.5	45.8	96.5	93.3	90.9	-1.00	22	66.8	SL
M56H1FW6	H	56	1	F	W	6	M	31	84.2	44.7	109.9	78.1	88.6	-1.00	20	67.3	SL
M56H1FY1	H	56	1	F	Y	1	M	22	103.2	57.3	103.9	93.7	107.4	-1.00	25	66.3	SL
M56H1FY2	H	56	1	F	Y	2	M	29	76.8	41.8	102.3	67.1	95.5	-1.00	26	67.6	SL
M56H1FY3	H	56	1	F	Y	3	M	21	123.7	65.3	107.6	125.3	101.4	-1.00	21	68.9	SL
M56H1FY4	H	56	1	F	Y	4	M	22	84.2	44.5	108.6	64.2	105.8	-1.00	22	68.5	SL
M56H1FY5	H	56	1	F	Y	5	M	23	120.9	64.2	106.1	101.2	123.2	-1.00	21	68.6	SL
M56H1FY6	H	56	1	F	Y	6	M	21	93.8	52.0	104.4	81.0	106.1	-1.00	21	68.5	SL
M56H1VI1	H	56	1	V	I	1	M	98	76.5	40.9	100.0	80.3	82.7	-1.00	46	60.7	SL
M56H1VI10	H	56	1	V	I	10	M	28	92.0	47.5	95.8	87.3	105.0	-1.00	17	60.3	SL
M56H1VI11	H	56	1	V	I	11	M	80	81.3	43.1	99.7	82.7	88.4	-1.00	42	58.7	SL
M56H1VI12	H	56	1	V	I	12	M	122	80.0	41.7	104.6	78.5	86.2	-1.00	55	60.2	SL
M56H1VI2	H	56	1	V	I	2	M	196	78.2	41.0	106.4	84.4	75.8	-1.00	101	61.1	SL
M56H1VI3	H	56	1	V	I	3	M	98	77.0	42.0	106.5	79.7	78.4	-1.00	44	62.8	SL
M56H1VI4	H	56	1	V	I	4	M	19	50.1	28.1	113.0	21.5	93.7	-1.00	11	61.7	SL
M56H1VI5	H	56	1	V	I	5	M	18	64.7	35.9	98.3	73.4	71.1	-1.00	10	57.9	SL
M56H1VI6	H	56	1	V	I	6	M	19	88.6	43.3	94.0	84.0	104.9	-1.00	10	57.9	SL
M56H1VI7	H	56	1	V	I	7	M	93	77.4	41.0	100.4	76.1	88.3	-1.00	42	60.8	SL
M56H1VI8	H	56	1	V	I	8	M	63	68.1	35.8	96.5	62.4	90.7	-1.00	40	59.0	SL
M56H1VI9	H	56	1	V	I	9	M	30	88.5	45.5	100.3	75.6	107.8	-1.00	21	57.7	SL
M56H2VS1	H	56	2	V	S	1	M	85	91.1	50.4	107.2	84.4	95.5	-1.00	33	65.0	SL
M56H2VS10	H	56	2	V	S	10	M	80	77.4	40.6	94.1	75.8	94.7	-1.00	30	65.0	SL
M56H2VS2	H	56	2	V	S	2	M	94	84.4	46.9	93.5	92.1	90.1	-1.00	35	65.0	SL
M56H2VS3	H	56	2	V	S	3	M	91	74.7	39.2	94.0	76.9	88.9	-1.00	32	64.2	SL
M56H2VS4	H	56	2	V	S	4	M	95	83.8	47.8	97.0	82.3	95.7	-1.00	32	64.8	SL
M56H2VS5	H	56	2	V	S	5	M	100	79.7	42.8	98.6	77.0	93.0	-1.00	33	64.7	SL
M56H2VS6	H	56	2	V	S	6	M	98	84.8	46.8	102.5	85.7	88.5	-1.00	37	65.4	SL
M56H2VS7	H	56	2	V	S	7	M	98	77.0	40.7	93.3	87.0	83.1	-1.00	36	65.4	SL
M56H2VS8	H	56	2	V	S	8	M	90	86.9	45.7	96.2	76.5	108.3	-1.00	32	65.2	SL
M56H2VS9	H	56	2	V	S	9	M	90	80.9	43.7	97.4	84.5	88.2	-1.00	33	65.5	SL
M56H2VT1	H	56	2	V	T	1	M	115	77.3	41.4	96.9	72.2	95.8	-1.00	42	64.6	SL
M56H2VT10	H	56	2	V	T	10	M	36	96.3	55.1	113.1	80.2	102.5	-1.00	14	63.9	SL
M56H2VT11	H	56	2	V	T	11	M	55	88.5	47.4	101.8	88.1	92.6	-1.00	23	63.9	SL
M56H2VT12	H	56	2	V	T	12	M	147	83.2	45.1	97.1	87.9	88.9	-1.00	50	64.9	SL
M56H2VT2	H	56	2	V	T	2	M	211	88.9	47.6	107.9	87.3	88.3	-1.00	78	64.2	SL
M56H2VT3	H	56	2	V	T	3	M	114	87.5	46.9	103.1	88.1	89.8	-1.00	39	63.9	SL
M56H2VT4	H	56	2	V	T	4	M	15	101.0	54.0	95.9	105.6	100.2	-1.00	8	64.1	SL
M56H2VT5	H	56	2	V	T	5	M	17	85.7	46.9	114.9	80.5	84.2	-1.00	8	63.0	SL
M56H2VT6	H	56	2	V	T	6	M	13	67.2	36.5	92.2	86.8	67.8	-1.00	7	61.4	SL
M56H2VT7	H	56	2	V	T	7	M	90	79.5	41.4	102.6	86.2	79.5	-1.00	33	63.9	SL
M56H2VT8	H	56	2	V	T	8	M	68	93.8	50.0	109.0	87.1	95.0	-1.00	27	64.2	SL
M56H2VT9	H	56	2	V	T	9	M	31	70.0	37.2	87.7	74.9	88.6	-1.00	13	63.5	SL
M56H2VW1	H	56	2	V	W	1	M	30	96.1	51.0	100.1	105.5	88.8	-1.00	22	65.5	SL
M56H2VW2	H	56	2	V	W	2	M	44	78.9	41.3	87.2	90.4	89.1	-1.00	21	66.3	SL
M56H2VW3	H	56	2	V	W	3	M	32	92.8	51.7	107.6	82.4	99.8	-1.00	20	66.5	SL
M56H2VW4	H	56	2	V	W	4	M	29	84.2	47.1	114.1	71.6	92.1	-1.00	20	65.6	SL
M56H2VW5	H	56	2	V	W	5	M	34	99.3	55.9	112.1	82.8	105.3	-1.00	20	67.7	SL
M56H2VW6	H	56	2	V	W	6	M	49	73.9	40.4	82.2	92.7	83.2	-1.00	26	67.9	SL
M56H2VY1	H	56	2	V	Y	1	M	20	113.7	60.4	118.3	96.9	105.1	-1.00	20	65.7	SL
M56H2VY2	H	56	2	V	Y	2	M	27	97.8	51.1	100.8	86.3	110.3	-1.00	18	69.8	SL
M56H2VY3	H	56	2	V	Y	3	M	17	103.8	56.4	98.1	119.7	89.0	-1.00	20	65.6	SL
M56H2VY4	H	56	2	V	Y	4	M	20	115.1	59.9	116.8	99.1	106.4	-1.00	20	66.5	SL
M56H2VY5	H	56	2	V	Y	5	M	22	132.8	70.7	117.2	103.6	125.4	-1.00	20	67.8	SL
M56H2VY6	H	56	2	V	Y	6	M	20	104.6	62.4	110.0	93.8	103.4	-1.00	20	67.2	SL
M56H2VY7	H	56	2	V	Y	7	M	18	89.3	52.0	103.2	83.8	97.0	-1.00	19	67.9	SL
M56H2VY8	H	56	2	V	Y	8	M	31	125.3	68.4	121.1	122.9	93.0	-1.00	29	67.9	SL
M56H2VY9	H	56	2	V	Y	9	M	26	100.2	54.1	98.0	110.1	92.6	-1.00	23	67.3	SL
M58D1FR1	D	58	1	F	R	1	M	139	88.0	46.5	90.1	88.3	103.4	-1.00	61	64.6	SL
M58D1FR21	D	58	1	F	R	21	M	42	97.5	50.4	116.4	80.6	100.9	-1.00	22	65.4	SL
M58D1FR22	D	58	1	F	R	22	M	83	73.7	38.8	81.5	82.2	94.2	-1.00	33	64.9	SL
M58D1FR23	D	58	1	F	R	23	M	45	100.7	51.7	103.7	101.0	96.4	-1.00	21	64.2	SL
M58D1FR24	D	58	1	F	R	24	M	42	107.0	56.3	108.3	89.9	112.8	-1.00	21	64.0	SL
M58D1FR25	D	58	1	F	R	25	M	61	85.7	45.2	86.8	93.4	97.6	-1.00	24	65.2	SL
M58D1FR26	D	58	1	F	R	26	M	119	110.5	57.7	101.6	106.9	106.9	-1.00	44	65.8	SL
M58D1FR27	D	58	1	F	R	27	M	50	86.0	45.0	95.4	88.7	94.1	-1.00	20	65.4	SL
M58D1FR28	D	58	1	F	R	28	M	93	83.5	43.9	94.3	86.7	93.2	-1.00	34	65.2	SL
M58D1FR29	D	58	1	F	R	29	M	54	85.5	44.7	85.3	102.2	90.2	-1.00	22	64.1	SL
M58D1FS1	D	58	1	F	S	1	M	61	88.7	46.2	78.1	104.1	101.5	-1.00	35	66.5	SL
M58D1FS10	D	58	1	F	S	10	M	36	104.5	57.0	98.2	96.6	112.3	-1.00	29	65.1	SL
M58D1FS11	D	58	1	F	S	11	M	51	94.0	51.4	90.2	93.3	107.8	-1.00	31	67.7	SL
M58D1FS12	D	58	1	F	S	12	M	57	106.2	57.6	95.9	106.9	106.4	-1.00	33	69.3	SL
M58D1FS13	D	58	1	F	S	13	M	51	102.3	54.2	85.5	116.1	103.0	-1.00	30	68.3	SL
M58D1FS14	D	58	1	F	S	14	M	62	92.6	49.6	95.5	92.0	101.4	-1.00	34	67.7	SL
M58D1FS15	D	58	1	F	S	15	M	53	84.0	43.5	90.2	75.3	111.3	-1.00	29	68.6	SL
M58D1FS16	D	58	1	F	S	16	M	59	81.3	43.9	90.1	79.7	101.5	-1.00	32	68.6	SL
M58D1FS17	D	58	1	F	S	17	M	57	89.9	47.3	99.1	89.5	96.0	-1.00	30	67.7	SL
M58D1FS18	D	58	1	F	S	18	M	55	94.5	50.5	114.0	74.8	105.0	-1.00	33	67.6	SL
M58D1FS19	D	58	1	F	S	19	M	57	87.1	46.1	92.8	82.0	106.0	-1.00	31	68.0	SL
M58D1FS2	D	58	1	F	S	2	M	58	73.7	38.3	74.2	97.1	86.9	-1.00	29	66.8	SL
M58D1FS3	D	58	1	F	S	3	M	56	91.0	47.6	97.5	83.3	106.0	-1.00	32	66.7	SL
M58D1FS4	D	58	1	F	S	4	M	77	77.8	40.8	84.5	88.8	91.5	-1.00	36	66.9	SL
M58D1FS5	D	58	1	F	S	5	M	63	86.9	46.1	92.9	89.1	97.8	-1.00	33	67.9	SL
M58D1FS6	D	58	1	F	S	6	M	53	104.9	55.1	106.6	89.4	112.0	-1.00	32	67.8	SL
M58D1FS7	D	58	1	F	S	7	M	66	81.2	43.1	83.6	88.0	99.0	-1.00	33	67.9	SL
M58D1FS8	D	58	1	F	S	8	M	79	93.3	48.3	95.5	94.9	99.4	-1.00	37	68.0	SL
M58D1FS9	D	58	1	F	S	9	M	35	80.3	43.4	90.8	75.7	103.3	-1.00	30	66.5	SL
M58D1FT1	D	58	1	F	T	1	M	128	87.9	45.3	91.1	87.9	102.5	-1.00	54	68.9	SL
M58D1FT10	D	58	1	F	T	10	M	184	94.3	49.9	96.2	91.4	104.0	-1.00	83	68.9	SL
M58D1FT11	D	58	1	F	T	11	M	77	95.6	51.6	103.2	86.4	104.2	-1.00	38	68.6	SL
M58D1FT2	D	58	1	F	T	2	M	126	82.6	43.1	96.5	78.7	98.1	-1.00	53	69.1	SL
M58D1FT3	D	58	1	F	T	3	M	28	68.7	38.6	94.4	56.0	101.9	-1.00	15	70.4	SL
M58D1FT4	D	58	1	F	T	4	M	120	91.7	47.8	91.3	92.8	103.5	-1.00	55	69.2	SL
M58D1FT5	D	58	1	F	T	5	M	30	94.4	51.5	114.4	79.6	99.0	-1.00	14	70.2	SL
M58D1FT6	D	58	1	F	T	6	M	108	114.5	61.6	124.0	90.6	107.8	-1.00	56	69.9	SL
M58D1FT7	D	58	1	F	T	7	M	60	91.7	50.4	93.3	82.0	113.2	-1.00	26	70.6	SL
M58D1FT8	D	58	1	F	T	8	M	45	99.3	52.8	98.7	89.6	111.2	-1.00	20	70.9	SL
M58D1FT9	D	58	1	F	T	9	M	54	79.1	42.1	78.4	88.6	100.6	-1.00	22	69.5	SL
M58D1FW1	D	58	1	F	W	1	M	10	148.2	84.8	123.2	140.1	103.2	-1.00	19	61.3	SL
M58D1FW10	D	58	1	F	W	10	M	18	91.8	47.8	90.1	111.1	87.2	-1.00	20	64.4	SL
M58D1FW11	D	58	1	F	W	11	M	16	133.3	74.0	115.5	116.1	114.8	-1.00	20	64.3	SL
M58D1FW12	D	58	1	F	W	12	M	14	104.3	54.2	79.2	111.2	118.0	-1.00	19	63.9	SL
M58D1FW2	D	58	1	F	W	2	M	14	94.0	56.2	83.0	106.3	102.4	-1.00	21	62.3	SL
M58D1FW3	D	58	1	F	W	3	M	13	115.4	60.3	100.9	96.2	126.4	-1.00	20	63.7	SL
M58D1FW4	D	58	1	F	W	4	M	13	112.6	59.5	92.5	107.4	119.3	-1.00	20	62.9	SL
M58D1FW5	D	58	1	F	W	5	M	18	95.9	49.3	107.2	82.2	105.4	-1.00	20	61.6	SL
M58D1FW6	D	58	1	F	W	6	M	25	67.9	37.4	83.1	80.0	84.2	-1.00	21	63.1	SL
M58D1FW7	D	58	1	F	W	7	M	20	94.9	48.7	86.0	102.5	104.4	-1.00	21	62.4	SL
M58D1FW8	D	58	1	F	W	8	M	17	96.9	48.7	100.0	80.2	116.8	-1.00	20	63.2	SL
M58D1FW9	D	58	1	F	W	9	M	17	91.1	47.2	103.7	117.9	68.2	-1.00	20	63.5	SL
M58D1FY1	D	58	1	F	Y	1	M	12	120.2	62.3	96.6	129.7	104.0	-1.00	21	63.3	SL
M58D1FY10	D	58	1	F	Y	10	M	13	111.0	56.6	107.6	116.2	92.9	-1.00	20	62.7	SL
M58D1FY11	D	58	1	F	Y	11	M	12	129.4	66.0	84.9	134.5	124.8	-1.00	21	63.0	SL
M58D1FY2	D	58	1	F	Y	2	M	11	91.4	50.0	78.8	93.5	116.4	-1.00	19	62.5	SL
M58D1FY3	D	58	1	F	Y	3	M	12	125.2	63.9	99.3	118.5	118.4	-1.00	19	63.8	SL
M58D1FY4	D	58	1	F	Y	4	M	11	95.5	53.0	78.9	110.1	105.7	-1.00	20	63.6	SL
M58D1FY5	D	58	1	F	Y	5	M	11	125.4	63.7	82.7	148.2	109.7	-1.00	20	63.4	SL
M58D1FY6	D	58	1	F	Y	6	M	12	71.7	40.1	93.6	83.4	77.3	-1.00	20	61.4	SL
M58D1FY7	D	58	1	F	Y	7	M	15	102.1	52.9	110.1	112.9	81.6	-1.00	20	64.3	SL
M58D1FY8	D	58	1	F	Y	8	M	11	136.2	68.2	73.1	157.5	127.2	-1.00	20	62.5	SL
M58D1FY9	D	58	1	F	Y	9	M	12	163.0	83.9	114.4	140.2	129.1	-1.00	20	63.9	SL
M58D1VI1	D	58	1	V	I	1	M	159	72.1	38.2	94.6	69.7	91.4	-1.00	80	63.5	SL
M58D1VI1	D	58	1	V	I	1	M	159	72.1	38.2	94.6	69.7	91.4	-1.00	80	63.5	SL
M58D1VI10	D	58	1	V	I	10	M	194	84.6	44.1	89.8	85.3	101.3	-1.00	84	64.7	SL
M58D1VI10	D	58	1	V	I	10	M	194	84.6	44.1	89.8	85.3	101.3	-1.00	84	64.7	SL
M58D1VI2	D	58	1	V	I	2	M	108	77.3	39.5	95.2	83.8	84.9	-1.00	47	64.7	SL
M58D1VI2	D	58	1	V	I	2	M	108	77.3	39.5	95.2	83.8	84.9	-1.00	47	64.7	SL
M58D1VI3	D	58	1	V	I	3	M	130	81.2	42.5	102.6	88.9	79.6	-1.00	56	64.0	SL
M58D1VI3	D	58	1	V	I	3	M	130	81.2	42.5	102.6	88.9	79.6	-1.00	56	64.0	SL
M58D1VI4	D	58	1	V	I	4	M	97	79.9	42.3	101.2	88.6	79.1	-1.00	43	65.0	SL
M58D1VI4	D	58	1	V	I	4	M	97	79.9	42.3	101.2	88.6	79.1	-1.00	43	65.0	SL
M58D1VI5	D	58	1	V	I	5	M	151	83.1	44.0	92.7	81.6	99.8	-1.00	66	65.6	SL
M58D1VI5	D	58	1	V	I	5	M	151	83.1	44.0	92.7	81.6	99.8	-1.00	66	65.6	SL
M58D1VI6	D	58	1	V	I	6	M	157	88.2	47.6	98.9	91.6	91.4	-1.00	76	66.7	SL
M58D1VI6	D	58	1	V	I	6	M	157	88.2	47.6	98.9	91.6	91.4	-1.00	76	66.7	SL
M58D1VI7	D	58	1	V	I	7	M	124	85.4	45.9	98.5	89.1	89.9	-1.00	53	64.8	SL
M58D1VI7	D	58	1	V	I	7	M	124	85.4	45.9	98.5	89.1	89.9	-1.00	53	64.8	SL
M58D1VI8	D	58	1	V	I	8	M	144	84.1	43.9	100.4	83.6	91.4	-1.00	62	63.1	SL
M58D1VI8	D	58	1	V	I	8	M	144	84.1	43.9	100.4	83.6	91.4	-1.00	62	63.1	SL
M58D1VI9	D	58	1	V	I	9	M	98	81.6	42.7	91.2	90.4	89.4	-1.00	53	64.0	SL
M58D1VI9	D	58	1	V	I	9	M	98	81.6	42.7	91.2	90.4	89.4	-1.00	53	64.0	SL
M58D2VS1	D	58	2	V	S	1	M	75	80.7	43.8	96.3	75.4	98.6	-1.00	33	70.4	SL
M58D2VS10	D	58	2	V	S	10	M	75	87.2	47.2	104.1	83.8	92.8	-1.00	35	68.9	SL
M58D2VS11	D	58	2	V	S	11	M	68	97.2	52.9	108.0	89.7	98.5	-1.00	29	69.7	SL
M58D2VS12	D	58	2	V	S	12	M	77	83.4	43.2	100.8	74.0	100.5	-1.00	32	69.6	SL
M58D2VS13	D	58	2	V	S	13	M	61	75.5	42.2	92.8	71.4	97.7	-1.00	32	69.0	SL
M58D2VS14	D	58	2	V	S	14	M	77	87.6	47.0	106.7	88.4	86.3	-1.00	34	69.3	SL
M58D2VS15	D	58	2	V	S	15	M	62	88.7	46.7	108.1	80.3	95.1	-1.00	30	68.9	SL
M58D2VS16	D	58	2	V	S	16	M	78	83.0	44.3	101.0	77.8	95.3	-1.00	30	69.2	SL
M58D2VS17	D	58	2	V	S	17	M	65	91.4	50.7	95.7	83.8	108.0	-1.00	33	69.4	SL
M58D2VS18	D	58	2	V	S	18	M	34	109.9	57.7	102.0	94.6	118.5	-1.00	29	67.4	SL
M58D2VS19	D	58	2	V	S	19	M	64	80.0	43.1	94.9	75.4	98.9	-1.00	33	69.3	SL
M58D2VS2	D	58	2	V	S	2	M	75	80.5	43.4	88.8	82.5	98.2	-1.00	31	70.6	SL
M58D2VS20	D	58	2	V	S	20	M	67	97.0	51.5	103.0	84.1	109.3	-1.00	33	68.7	SL
M58D2VS21	D	58	2	V	S	21	M	79	88.6	46.9	102.6	79.3	101.5	-1.00	32	69.6	SL
M58D2VS22	D	58	2	V	S	22	M	72	90.7	49.6	98.4	90.1	97.4	-1.00	31	69.3	SL
M58D2VS23	D	58	2	V	S	23	M	76	83.5	44.7	97.9	81.1	95.5	-1.00	31	68.9	SL
M58D2VS24	D	58	2	V	S	24	M	69	95.0	51.3	103.5	83.1	106.8	-1.00	33	69.6	SL
M58D2VS3	D	58	2	V	S	3	M	87	85.7	45.3	92.0	86.7	99.3	-1.00	37	69.5	SL
M58D2VS4	D	58	2	V	S	4	M	50	89.4	47.7	111.2	84.4	89.1	-1.00	28	68.3	SL
M58D2VS5	D	58	2	V	S	5	M	73	98.2	51.2	108.4	97.5	91.8	-1.00	29	69.4	SL
M58D2VS6	D	58	2	V	S	6	M	62	81.8	42.5	92.4	75.5	104.7	-1.00	30	69.9	SL
M58D2VS7	D	58	2	V	S	7	M	40	91.2	49.3	96.1	90.9	99.6	-1.00	30	67.5	SL
M58D2VS8	D	58	2	V	S	8	M	16	114.9	59.2	118.2	99.5	104.3	-1.00	20	63.5	SL
M58D2VS9	D	58	2	V	S	9	M	46	85.5	45.4	102.0	73.8	103.1	-1.00	30	69.3	SL
M58D2VT1	D	58	2	V	T	1	M	191	85.4	44.2	104.8	71.0	103.4	-1.00	71	70.3	SL
M58D2VT10	D	58	2	V	T	10	M	207	87.5	46.3	94.6	81.9	104.9	-1.00	81	70.3	SL
M58D2VT2	D	58	2	V	T	2	M	103	91.1	47.5	104.8	81.1	101.4	-1.00	40	70.3	SL
M58D2VT3	D	58	2	V	T	3	M	164	87.8	47.3	102.9	85.3	93.3	-1.00	60	70.2	SL
M58D2VT4	D	58	2	V	T	4	M	117	85.5	44.8	105.8	82.4	90.0	-1.00	45	70.0	SL
M58D2VT5	D	58	2	V	T	5	M	189	87.3	45.7	96.2	82.2	102.6	-1.00	75	70.4	SL
M58D2VT6	D	58	2	V	T	6	M	165	86.1	46.9	99.9	78.9	100.4	-1.00	71	70.1	SL
M58D2VT7	D	58	2	V	T	7	M	141	89.7	47.8	97.7	87.8	98.9	-1.00	58	70.3	SL
M58D2VT8	D	58	2	V	T	8	M	154	84.6	45.0	100.9	81.4	94.1	-1.00	60	70.3	SL
M58D2VT9	D	58	2	V	T	9	M	114	83.1	43.7	101.8	73.7	99.3	-1.00	44	70.5	SL
M58D2VW1	D	58	2	V	W	1	M	25	111.2	61.4	92.6	103.8	120.9	-1.00	25	67.1	SL
M58D2VW2	D	58	2	V	W	2	M	27	115.7	63.5	102.1	117.9	103.0	-1.00	22	66.9	SL
M58D2VW3	D	58	2	V	W	3	M	26	77.8	45.4	79.3	95.8	89.9	-1.00	20	66.7	SL
M58D2VW4	D	58	2	V	W	4	M	41	114.7	58.4	100.1	109.7	111.8	-1.00	26	67.3	SL
M58D2VW5	D	58	2	V	W	5	M	35	97.2	50.0	99.9	98.6	97.2	-1.00	28	67.7	SL
M58D2VW6	D	58	2	V	W	6	M	29	94.9	52.2	100.1	107.6	85.2	-1.00	23	66.7	SL
M58D2VW7	D	58	2	V	W	7	M	30	94.2	49.8	85.9	107.4	98.5	-1.00	20	67.2	SL
M58D2VW8	D	58	2	V	W	8	M	22	103.0	57.1	111.0	85.8	108.7	-1.00	20	66.4	SL
M58D2VW9	D	58	2	V	W	9	M	45	84.0	44.7	95.4	84.0	95.8	-1.00	30	67.6	SL
M58D2VY1	D	58	2	V	Y	1	M	20	131.6	70.4	105.5	125.3	113.8	-1.00	26	65.5	SL
M58D2VY10	D	58	2	V	Y	10	M	15	109.6	59.4	101.2	99.3	113.9	-1.00	21	66.5	SL
M58D2VY11	D	58	2	V	Y	11	M	18	103.8	59.8	102.3	89.9	114.2	-1.00	20	66.1	SL
M58D2VY2	D	58	2	V	Y	2	M	19	103.6	59.7	102.5	111.1	92.2	-1.00	23	65.5	SL
M58D2VY3	D	58	2	V	Y	3	M	18	146.1	81.6	139.6	109.6	114.6	-1.00	22	65.6	SL
M58D2VY4	D	58	2	V	Y	4	M	15	171.0	90.5	136.5	126.2	129.7	-1.00	20	65.3	SL
M58D2VY5	D	58	2	V	Y	5	M	17	94.7	54.2	110.3	76.5	106.9	-1.00	21	65.4	SL
M58D2VY6	D	58	2	V	Y	6	M	19	139.7	73.2	90.9	137.8	128.4	-1.00	20	66.9	SL
M58D2VY7	D	58	2	V	Y	7	M	21	131.4	74.3	107.7	118.6	117.8	-1.00	25	65.5	SL
M58D2VY8	D	58	2	V	Y	8	M	14	95.5	59.0	117.7	110.9	68.2	-1.00	20	65.5	SL
M58D2VY9	D	58	2	V	Y	9	M	23	127.7	71.3	129.4	95.7	115.2	-1.00	27	66.6	SL
M66O1FR1	O	66	1	F	R	1	M	143	69.0	37.3	85.7	80.3	83.3	-1.00	80	64.8	SL
M66O1FR21	O	66	1	F	R	21	M	28	70.5	38.9	89.0	82.3	80.8	-1.00	21	64.0	SL
M66O1FR210	O	66	1	F	R	210	M	25	89.9	44.2	101.5	88.8	94.4	-1.00	22	61.5	SL
M66O1FR211	O	66	1	F	R	211	M	32	86.8	45.4	95.8	88.8	94.9	-1.00	26	62.8	SL
M66O1FR212	O	66	1	F	R	212	M	32	67.0	38.1	91.7	73.0	81.5	-1.00	21	62.4	SL
M66O1FR213	O	66	1	F	R	213	M	33	88.8	44.3	95.6	83.8	103.8	-1.00	24	61.7	SL
M66O1FR214	O	66	1	F	R	214	M	37	71.1	38.5	90.3	75.4	87.6	-1.00	22	64.3	SL
M66O1FR215	O	66	1	F	R	215	M	26	88.8	46.8	95.6	84.4	103.0	-1.00	19	62.0	SL
M66O1FR216	O	66	1	F	R	216	M	43	69.8	37.3	81.3	81.4	88.1	-1.00	26	64.0	SL
M66O1FR217	O	66	1	F	R	217	M	32	84.1	43.0	85.9	90.4	99.1	-1.00	20	62.6	SL
M66O1FR218	O	66	1	F	R	218	M	45	62.0	33.2	70.6	91.4	75.0	-1.00	21	63.8	SL
M66O1FR219	O	66	1	F	R	219	M	33	101.4	53.6	96.1	106.8	99.5	-1.00	20	64.1	SL
M66O1FR22	O	66	1	F	R	22	M	29	93.0	47.3	95.2	93.3	100.8	-1.00	22	63.5	SL
M66O1FR220	O	66	1	F	R	220	M	47	93.5	49.5	91.8	120.5	80.0	-1.00	23	64.5	SL
M66O1FR221	O	66	1	F	R	221	M	40	79.4	42.5	86.2	93.4	87.8	-1.00	21	65.0	SL
M66O1FR222	O	66	1	F	R	222	M	45	79.4	42.1	86.0	88.3	93.1	-1.00	25	64.7	SL
M66O1FR23	O	66	1	F	R	23	M	41	68.9	37.0	85.8	72.8	90.8	-1.00	22	64.2	SL
M66O1FR24	O	66	1	F	R	24	M	38	92.6	48.8	106.5	89.8	92.8	-1.00	22	64.7	SL
M66O1FR25	O	66	1	F	R	25	M	28	87.7	46.6	107.0	74.0	101.6	-1.00	20	65.0	SL
M66O1FR26	O	66	1	F	R	26	M	27	84.5	43.4	93.8	88.1	93.9	-1.00	19	61.5	SL
M66O1FR27	O	66	1	F	R	27	M	28	59.9	34.0	90.9	81.8	61.1	-1.00	22	60.4	SL
M66O1FR28	O	66	1	F	R	28	M	32	72.9	38.9	76.0	92.2	88.3	-1.00	21	62.4	SL
M66O1FR29	O	66	1	F	R	29	M	25	82.1	44.7	76.6	93.9	102.2	-1.00	20	60.7	SL
M66O1FS1	O	66	1	F	S	1	M	60	75.7	40.1	102.7	74.4	85.2	-1.00	34	66.0	SL
M66O1FS10	O	66	1	F	S	10	M	66	93.0	48.7	98.6	85.7	105.5	-1.00	31	66.8	SL
M66O1FS11	O	66	1	F	S	11	M	75	87.2	45.9	101.2	99.3	80.4	-1.00	31	67.4	SL
M66O1FS12	O	66	1	F	S	12	M	54	96.3	49.2	104.1	96.7	93.8	-1.00	30	66.6	SL
M66O1FS13	O	66	1	F	S	13	M	70	114.0	60.8	110.4	110.2	99.9	-1.00	33	68.2	SL
M66O1FS14	O	66	1	F	S	14	M	58	90.4	48.2	97.9	94.6	92.8	-1.00	32	67.3	SL
M66O1FS15	O	66	1	F	S	15	M	55	92.8	48.8	99.4	87.1	102.9	-1.00	29	66.4	SL
M66O1FS16	O	66	1	F	S	16	M	62	114.0	62.1	113.5	106.1	100.9	-1.00	35	66.6	SL
M66O1FS17	O	66	1	F	S	17	M	68	108.6	57.2	105.1	107.6	100.1	-1.00	31	65.7	SL
M66O1FS18	O	66	1	F	S	18	M	73	93.0	50.6	97.4	92.7	99.2	-1.00	33	65.5	SL
M66O1FS19	O	66	1	F	S	19	M	59	103.3	54.5	101.9	93.8	109.5	-1.00	32	66.1	SL
M66O1FS2	O	66	1	F	S	2	M	63	87.0	46.1	89.5	95.2	95.2	-1.00	31	67.9	SL
M66O1FS20	O	66	1	F	S	20	M	70	94.3	49.0	99.9	96.4	95.0	-1.00	34	66.3	SL
M66O1FS3	O	66	1	F	S	3	M	72	95.2	49.2	112.8	91.0	89.7	-1.00	34	66.4	SL
M66O1FS4	O	66	1	F	S	4	M	46	74.1	40.1	101.6	72.3	85.6	-1.00	30	65.7	SL
M66O1FS5	O	66	1	F	S	5	M	76	87.2	47.5	95.3	86.9	98.1	-1.00	34	65.8	SL
M66O1FS6	O	66	1	F	S	6	M	83	91.3	48.9	98.2	91.0	97.5	-1.00	36	66.9	SL
M66O1FS7	O	66	1	F	S	7	M	70	83.9	44.4	94.5	88.4	91.8	-1.00	30	67.4	SL
M66O1FS8	O	66	1	F	S	8	M	66	83.3	45.6	97.9	75.6	101.5	-1.00	31	67.2	SL
M66O1FS9	O	66	1	F	S	9	M	70	89.5	47.3	95.8	90.5	97.6	-1.00	30	67.1	SL
M66O1FT1	O	66	1	F	T	1	M	170	81.3	42.4	100.6	80.1	90.4	-1.00	69	68.0	SL
M66O1FT10	O	66	1	F	T	10	M	229	93.6	49.6	98.8	96.5	95.1	-1.00	103	66.0	SL
M66O1FT11	O	66	1	F	T	11	M	102	93.5	50.3	99.3	94.2	96.6	-1.00	44	66.9	SL
M66O1FT2	O	66	1	F	T	2	M	160	88.7	46.4	99.5	88.1	95.1	-1.00	74	67.6	SL
M66O1FT3	O	66	1	F	T	3	M	50	76.5	41.9	95.5	73.1	94.9	-1.00	23	66.8	SL
M66O1FT4	O	66	1	F	T	4	M	159	99.9	52.9	103.9	97.5	98.6	-1.00	74	66.5	SL
M66O1FT5	O	66	1	F	T	5	M	38	84.6	44.4	110.4	82.0	84.8	-1.00	19	66.4	SL
M66O1FT6	O	66	1	F	T	6	M	149	96.9	50.6	107.5	92.6	95.6	-1.00	76	66.9	SL
M66O1FT7	O	66	1	F	T	7	M	82	89.2	48.5	102.5	79.3	102.4	-1.00	37	67.1	SL
M66O1FT8	O	66	1	F	T	8	M	52	86.9	48.2	102.9	83.2	94.1	-1.00	32	65.7	SL
M66O1FT9	O	66	1	F	T	9	M	64	86.4	46.2	83.1	97.3	98.9	-1.00	33	65.7	SL
M66O1FW1	O	66	1	F	W	1	M	28	113.2	62.0	106.5	113.4	99.6	-1.00	28	66.0	SL
M66O1FW2	O	66	1	F	W	2	M	30	116.5	61.2	109.5	110.7	103.7	-1.00	25	65.2	SL
M66O1FW3	O	66	1	F	W	3	M	34	107.4	58.1	115.1	84.6	112.6	-1.00	27	64.3	SL
M66O1FW4	O	66	1	F	W	4	M	24	79.5	40.4	91.9	85.8	89.9	-1.00	22	63.4	SL
M66O1FW5	O	66	1	F	W	5	M	25	94.0	48.2	90.0	95.9	105.3	-1.00	20	64.3	SL
M66O1FW6	O	66	1	F	W	6	M	29	96.1	53.0	100.7	102.6	90.9	-1.00	30	64.7	SL
M66O1FW7	O	66	1	F	W	7	M	33	104.0	55.5	105.8	95.4	104.8	-1.00	27	65.3	SL
M66O1FY1	O	66	1	F	Y	1	M	17	83.5	45.1	125.0	40.9	120.2	-1.00	24	64.2	SL
M66O1FY2	O	66	1	F	Y	2	M	16	142.9	76.7	95.5	148.2	117.9	-1.00	20	64.0	SL
M66O1FY3	O	66	1	F	Y	3	M	17	96.5	51.8	104.8	96.4	93.7	-1.00	22	65.6	SL
M66O1FY4	O	66	1	F	Y	4	M	29	96.6	47.3	100.7	84.2	110.8	-1.00	31	65.0	SL
M66O1FY5	O	66	1	F	Y	5	M	24	108.3	54.6	95.9	106.7	109.9	-1.00	20	65.3	SL
M66O1FY6	O	66	1	F	Y	6	M	18	125.6	70.9	105.2	125.2	106.4	-1.00	21	64.5	SL
M66O1FY7	O	66	1	F	Y	7	M	19	121.9	60.8	89.9	118.5	124.3	-1.00	20	65.4	SL
M66O1VI1	O	66	1	V	I	1	M	15	91.0	44.6	90.1	86.7	110.1	-1.00	6	61.5	SL
M66O1VI10	O	66	1	V	I	10	M	66	85.9	45.8	99.6	78.0	101.3	-1.00	27	65.2	SL
M66O1VI11	O	66	1	V	I	11	M	95	79.9	41.7	93.7	72.0	103.9	-1.00	37	62.7	SL
M66O1VI12	O	66	1	V	I	12	M	81	75.8	40.9	92.0	80.9	88.4	-1.00	34	64.1	SL
M66O1VI13	O	66	1	V	I	13	M	89	73.9	39.0	105.0	67.6	87.4	-1.00	44	62.4	SL
M66O1VI14	O	66	1	V	I	14	M	45	77.2	40.1	97.4	71.8	95.6	-1.00	19	63.7	SL
M66O1VI15	O	66	1	V	I	15	M	34	84.8	45.7	110.9	78.9	88.0	-1.00	22	59.3	SL
M66O1VI16	O	66	1	V	I	16	M	68	78.8	43.0	97.4	71.7	98.6	-1.00	31	63.5	SL
M66O1VI17	O	66	1	V	I	17	M	101	77.3	40.2	100.3	81.8	82.3	-1.00	49	61.9	SL
M66O1VI18	O	66	1	V	I	18	M	93	68.6	37.1	87.8	72.6	88.4	-1.00	38	61.9	SL
M66O1VI2	O	66	1	V	I	2	M	115	69.0	36.9	93.1	65.9	91.6	-1.00	49	64.3	SL
M66O1VI3	O	66	1	V	I	3	M	91	79.9	42.2	100.1	70.2	99.6	-1.00	38	63.3	SL
M66O1VI4	O	66	1	V	I	4	M	41	75.3	40.7	93.3	81.3	85.8	-1.00	20	63.2	SL
M66O1VI5	O	66	1	V	I	5	M	36	80.9	43.6	83.8	90.6	95.5	-1.00	19	64.0	SL
M66O1VI6	O	66	1	V	I	6	M	66	81.7	43.0	92.4	82.9	96.1	-1.00	23	65.0	SL
M66O1VI7	O	66	1	V	I	7	M	53	77.4	40.4	91.2	77.7	95.4	-1.00	20	64.8	SL
M66O1VI8	O	66	1	V	I	8	M	64	78.4	41.4	95.9	76.2	94.1	-1.00	22	64.2	SL
M66O1VI9	O	66	1	V	I	9	M	67	84.1	43.5	103.1	79.3	93.6	-1.00	23	63.6	SL
M66O2VS1	O	66	2	V	S	1	M	53	78.7	41.0	107.2	70.1	90.7	-1.00	30	65.6	SL
M66O2VS10	O	66	2	V	S	10	M	64	91.1	49.5	113.9	83.3	90.4	-1.00	31	66.3	SL
M66O2VS11	O	66	2	V	S	11	M	73	91.5	49.6	105.9	82.5	99.4	-1.00	33	66.3	SL
M66O2VS12	O	66	2	V	S	12	M	81	80.7	43.4	112.9	65.8	93.9	-1.00	35	66.2	SL
M66O2VS13	O	66	2	V	S	13	M	73	78.3	41.0	100.9	72.0	93.9	-1.00	30	67.1	SL
M66O2VS14	O	66	2	V	S	14	M	65	87.5	45.8	100.0	90.4	90.4	-1.00	33	65.4	SL
M66O2VS15	O	66	2	V	S	15	M	60	90.2	47.4	103.2	83.8	98.5	-1.00	31	65.6	SL
M66O2VS16	O	66	2	V	S	16	M	82	79.7	44.1	101.4	75.5	91.9	-1.00	33	65.9	SL
M66O2VS17	O	66	2	V	S	17	M	73	93.6	51.4	108.6	84.5	98.0	-1.00	36	65.4	SL
M66O2VS2	O	66	2	V	S	2	M	67	85.2	45.0	102.6	80.0	94.9	-1.00	30	66.3	SL
M66O2VS3	O	66	2	V	S	3	M	68	78.4	41.7	104.3	75.3	87.3	-1.00	33	66.7	SL
M66O2VS4	O	66	2	V	S	4	M	79	76.4	40.6	97.5	73.3	92.3	-1.00	33	65.8	SL
M66O2VS5	O	66	2	V	S	5	M	74	82.7	44.3	109.4	67.0	99.0	-1.00	32	66.3	SL
M66O2VS6	O	66	2	V	S	6	M	98	90.7	48.6	113.6	73.7	100.5	-1.00	40	66.5	SL
M66O2VS7	O	66	2	V	S	7	M	68	87.8	45.5	108.0	77.6	96.8	-1.00	31	65.9	SL
M66O2VS8	O	66	2	V	S	8	M	67	73.4	39.1	95.4	68.6	94.4	-1.00	30	66.7	SL
M66O2VS9	O	66	2	V	S	9	M	71	93.5	48.7	98.2	92.4	99.6	-1.00	32	66.1	SL
M66O2VT1	O	66	2	V	T	1	M	13	90.8	45.5	119.7	67.4	102.6	-1.00	6	67.8	SL
M66O2VT10	O	66	2	V	T	10	M	64	96.1	51.1	112.4	77.3	106.1	-1.00	29	67.5	SL
M66O2VT11	O	66	2	V	T	11	M	97	86.5	45.6	100.6	78.7	100.5	-1.00	38	66.8	SL
M66O2VT12	O	66	2	V	T	12	M	85	85.8	45.9	100.8	83.6	94.0	-1.00	33	66.2	SL
M66O2VT13	O	66	2	V	T	13	M	97	81.9	43.0	109.4	71.1	93.1	-1.00	44	66.8	SL
M66O2VT14	O	66	2	V	T	14	M	50	88.7	45.7	108.7	77.8	97.3	-1.00	21	67.6	SL
M66O2VT15	O	66	2	V	T	15	M	39	105.0	54.9	118.9	92.2	97.2	-1.00	18	65.4	SL
M66O2VT16	O	66	2	V	T	16	M	63	80.8	43.4	105.4	72.4	93.3	-1.00	27	66.6	SL
M66O2VT17	O	66	2	V	T	17	M	108	86.4	45.1	104.6	78.9	96.3	-1.00	46	66.5	SL
M66O2VT18	O	66	2	V	T	18	M	100	78.1	41.5	95.4	76.8	93.6	-1.00	38	66.8	SL
M66O2VT2	O	66	2	V	T	2	M	115	76.5	41.0	100.0	72.7	90.9	-1.00	48	68.0	SL
M66O2VT3	O	66	2	V	T	3	M	101	75.5	41.2	111.9	60.4	92.3	-1.00	43	67.4	SL
M66O2VT4	O	66	2	V	T	4	M	48	75.6	38.9	109.0	67.8	86.5	-1.00	22	68.7	SL
M66O2VT5	O	66	2	V	T	5	M	41	73.7	40.2	100.0	70.5	88.4	-1.00	21	67.6	SL
M66O2VT6	O	66	2	V	T	6	M	67	82.7	45.2	99.8	76.3	97.7	-1.00	30	66.5	SL
M66O2VT7	O	66	2	V	T	7	M	44	82.9	45.6	95.1	80.0	98.6	-1.00	22	67.0	SL
M66O2VT8	O	66	2	V	T	8	M	50	71.9	37.0	95.8	72.5	86.9	-1.00	21	67.2	SL
M66O2VT9	O	66	2	V	T	9	M	68	79.3	41.2	103.3	66.8	99.2	-1.00	28	67.0	SL
M66O2VW1	O	66	2	V	W	1	M	33	86.6	46.4	105.1	86.6	88.0	-1.00	28	65.7	SL
M66O2VW2	O	66	2	V	W	2	M	45	100.7	52.9	112.0	103.4	86.4	-1.00	30	65.0	SL
M66O2VW3	O	66	2	V	W	3	M	33	98.7	52.9	126.7	92.0	82.1	-1.00	27	65.1	SL
M66O2VW4	O	66	2	V	W	4	M	35	100.0	54.2	120.8	86.6	94.2	-1.00	27	64.7	SL
M66O2VW5	O	66	2	V	W	5	M	32	107.7	54.8	113.4	89.0	109.7	-1.00	21	63.9	SL
M66O2VW6	O	66	2	V	W	6	M	32	110.9	59.3	111.6	101.9	102.5	-1.00	23	65.0	SL
M66O2VY1	O	66	2	V	Y	1	M	19	106.6	60.3	113.1	117.6	80.9	-1.00	20	63.4	SL
M66O2VY2	O	66	2	V	Y	2	M	17	131.5	69.6	121.5	114.0	108.6	-1.00	22	63.8	SL
M66O2VY3	O	66	2	V	Y	3	M	26	124.6	68.2	122.7	111.3	101.4	-1.00	31	65.8	SL
M66O2VY4	O	66	2	V	Y	4	M	17	126.3	63.9	107.2	128.0	102.8	-1.00	21	66.9	SL
M66O2VY5	O	66	2	V	Y	5	M	23	99.5	54.5	112.0	110.6	78.5	-1.00	26	64.3	SL
M66O2VY6	O	66	2	V	Y	6	M	25	145.8	75.2	122.5	124.0	115.8	-1.00	27	64.5	SL
M66O2VY7	O	66	2	V	Y	7	M	22	136.3	71.9	126.4	121.3	103.2	-1.00	24	67.4	SL
